1, 0.295489, 37632, 0, 
2, 0.230025, 37632, 0, 
3, 0.208341, 37632, 0, 
4, 0.18518, 37632, 0, 
5, 0.161406, 37632, 0, 
6, 0.138776, 4704, 0, 
7, 0.12255, 4704, 0, 
8, 0.115121, 4704, 0, 
9, 0.110867, 4704, 0, 
10, 0.110612, 4704, 0, 
11, 0.109704, 4704, 0, 
12, 0.110844, 4704, 0, 
13, 0.111176, 4704, 0, 
14, 0.11136, 4704, 0, 
15, 0.11042, 4704, 0, 
16, 0.110022, 4704, 0, 
17, 0.109849, 4704, 0, 
18, 0.109901, 4704, 0, 
19, 0.110087, 4704, 0, 
20, 0.110148, 4704, 0, 
21, 0.110135, 4704, 0, 
22, 0.109919, 4704, 0, 
23, 0.109969, 4704, 0, 
24, 0.110085, 4704, 0, 
25, 0.110158, 4704, 0, 
26, 0.110073, 4704, 0, 
27, 0.109989, 4704, 0, 
28, 0.109995, 4704, 0, 
29, 0.109983, 4704, 0, 
30, 0.110027, 4704, 0, 
31, 0.110041, 4704, 0, 
32, 0.11001, 4704, 0, 
33, 0.110008, 4704, 0, 
34, 0.109996, 4704, 0, 
35, 0.10998, 4704, 0, 
36, 0.110024, 4704, 0, 
37, 0.110016, 4704, 0, 
38, 0.109998, 4704, 0, 
39, 0.11, 4704, 0, 
40, 0.110005, 4704, 0, 
41, 0.109996, 4704, 0, 
42, 0.10999, 4704, 0, 
43, 0.109995, 4704, 0, 
44, 0.109986, 4704, 0, 
45, 0.109992, 4704, 0, 
46, 0.10999, 4704, 0, 
47, 0.109986, 4704, 0, 
48, 0.109975, 4704, 0, 
49, 0.641574, 24240, 0, 
50, 0.109978, 4704, 0, 
51, 0.608132, 23004, 0, 
52, 0.569537, 21576, 0, 
53, 0.109984, 4704, 0, 
54, 0.109983, 4704, 0, 
55, 0.109982, 4704, 0, 
56, 0.470162, 17916, 0, 
57, 0.4434, 16932, 0, 
58, 0.109974, 4704, 0, 
59, 0.109974, 4704, 0, 
60, 0.109979, 4704, 0, 
61, 0.391789, 15036, 0, 
62, 0.109976, 4704, 0, 
63, 0.109979, 4704, 0, 
64, 0.10999, 4704, 0, 
65, 0.10999, 4704, 0, 
66, 0.10999, 4704, 0, 
67, 0.10999, 4704, 0, 
68, 0.109991, 4704, 0, 
69, 0.10999, 4704, 0, 
70, 0.10999, 4704, 0, 
71, 0.10999, 4704, 0, 
72, 0.10999, 4704, 0, 
73, 0.10999, 4704, 0, 
74, 0.10999, 4704, 0, 
75, 0.10999, 4704, 0, 
76, 0.10999, 4704, 0, 
77, 0.10999, 4704, 0, 
78, 0.109989, 4704, 0, 
79, 0.10999, 4704, 0, 
80, 0.10999, 4704, 0, 
81, 0.10999, 4704, 0, 
82, 0.10999, 4704, 0, 
83, 0.109989, 4704, 0, 
84, 0.10999, 4704, 0, 
85, 0.10999, 4704, 0, 
86, 0.109989, 4704, 0, 
87, 0.10999, 4704, 0, 
88, 0.10999, 4704, 0, 
89, 0.10999, 4704, 0, 
90, 0.10999, 4704, 0, 
91, 0.109989, 4704, 0, 
92, 0.10999, 4704, 0, 
93, 0.10999, 4704, 0, 
94, 0.10999, 4704, 0, 
95, 0.109991, 4704, 0, 
96, 0.109989, 4704, 0, 
97, 0.10999, 4704, 0, 
98, 0.10999, 4704, 0, 
99, 0.109991, 4704, 0, 
100, 0.10999, 4704, 0, 
101, 0.10999, 4704, 0, 
102, 0.10999, 4704, 0, 
103, 0.10999, 4704, 0, 
104, 0.10999, 4704, 0, 
105, 0.10999, 4704, 0, 
106, 0.10999, 4704, 0, 
107, 0.10999, 4704, 0, 
108, 0.10999, 4704, 0, 
109, 0.109989, 4704, 0, 
110, 0.10999, 4704, 0, 
111, 0.10999, 4704, 0, 
112, 0.10999, 4704, 0, 
113, 0.10999, 4704, 0, 
114, 0.109989, 4704, 0, 
115, 0.10999, 4704, 0, 
116, 0.10999, 4704, 0, 
117, 0.109989, 4704, 0, 
118, 0.10999, 4704, 0, 
119, 0.10999, 4704, 0, 
120, 0.10999, 4704, 0, 
121, 0.10999, 4704, 0, 
122, 0.109989, 4704, 0, 
123, 0.10999, 4704, 0, 
124, 0.10999, 4704, 0, 
125, 0.10999, 4704, 0, 
126, 0.10999, 4704, 0, 
127, 0.109989, 4704, 0, 
128, 0.10999, 4704, 0, 
129, 0.10999, 4704, 0, 
130, 0.109991, 4704, 0, 
131, 0.10999, 4704, 0, 
132, 0.10999, 4704, 0, 
133, 0.10999, 4704, 0, 
134, 0.10999, 4704, 0, 
135, 0.10999, 4704, 0, 
136, 0.10999, 4704, 0, 
137, 0.10999, 4704, 0, 
138, 0.10999, 4704, 0, 
139, 0.10999, 4704, 0, 
140, 0.109989, 4704, 0, 
141, 0.10999, 4704, 0, 
142, 0.10999, 4704, 0, 
143, 0.10999, 4704, 0, 
144, 0.10999, 4704, 0, 
145, 0.109989, 4704, 0, 
146, 0.10999, 4704, 0, 
147, 0.10999, 4704, 0, 
148, 0.109989, 4704, 0, 
149, 0.10999, 4704, 0, 
150, 0.10999, 4704, 0, 
151, 0.10999, 4704, 0, 
152, 0.10999, 4704, 0, 
153, 0.109989, 4704, 0, 
154, 0.10999, 4704, 0, 
155, 0.10999, 4704, 0, 
156, 0.10999, 4704, 0, 
157, 0.10999, 4704, 0, 
158, 0.109989, 4704, 0, 
159, 0.10999, 4704, 0, 
160, 0.10999, 4704, 0, 
161, 0.109991, 4704, 0, 
162, 0.10999, 4704, 0, 
163, 0.10999, 4704, 0, 
164, 0.10999, 4704, 0, 
165, 0.10999, 4704, 0, 
166, 0.10999, 4704, 0, 
167, 0.10999, 4704, 0, 
168, 0.10999, 4704, 0, 
169, 0.10999, 4704, 0, 
170, 0.10999, 4704, 0, 
171, 0.109989, 4704, 0, 
172, 0.10999, 4704, 0, 
173, 0.10999, 4704, 0, 
174, 0.10999, 4704, 0, 
175, 0.10999, 4704, 0, 
176, 0.109989, 4704, 0, 
177, 0.10999, 4704, 0, 
178, 0.10999, 4704, 0, 
179, 0.10999, 4704, 0, 
180, 0.10999, 4704, 0, 
181, 0.10999, 4704, 0, 
182, 0.10999, 4704, 0, 
183, 0.10999, 4704, 0, 
184, 0.109989, 4704, 0, 
185, 0.10999, 4704, 0, 
186, 0.10999, 4704, 0, 
187, 0.10999, 4704, 0, 
188, 0.10999, 4704, 0, 
189, 0.109989, 4704, 0, 
190, 0.10999, 4704, 0, 
191, 0.10999, 4704, 0, 
192, 0.109991, 4704, 0, 
193, 0.10999, 4704, 0, 
194, 0.10999, 4704, 0, 
195, 0.10999, 4704, 0, 
196, 0.10999, 4704, 0, 
197, 0.10999, 4704, 0, 
198, 0.10999, 4704, 0, 
199, 0.10999, 4704, 0, 
200, 0.10999, 4704, 0, 
201, 0.10999, 4704, 0, 
202, 0.109989, 4704, 0, 
203, 0.10999, 4704, 0, 
204, 0.10999, 4704, 0, 
205, 0.10999, 4704, 0, 
206, 0.10999, 4704, 0, 
207, 0.109989, 4704, 0, 
208, 0.10999, 4704, 0, 
209, 0.10999, 4704, 0, 
210, 0.10999, 4704, 0, 
211, 0.10999, 4704, 0, 
212, 0.10999, 4704, 0, 
213, 0.10999, 4704, 0, 
214, 0.10999, 4704, 0, 
215, 0.109989, 4704, 0, 
216, 0.10999, 4704, 0, 
217, 0.10999, 4704, 0, 
218, 0.10999, 4704, 0, 
219, 0.10999, 4704, 0, 
220, 0.109989, 4704, 0, 
221, 0.10999, 4704, 0, 
222, 0.10999, 4704, 0, 
223, 0.109991, 4704, 0, 
224, 0.10999, 4704, 0, 
225, 0.10999, 4704, 0, 
226, 0.10999, 4704, 0, 
227, 0.10999, 4704, 0, 
228, 0.10999, 4704, 0, 
229, 0.10999, 4704, 0, 
230, 0.10999, 4704, 0, 
231, 0.10999, 4704, 0, 
232, 0.10999, 4704, 0, 
233, 0.109989, 4704, 0, 
234, 0.10999, 4704, 0, 
235, 0.10999, 4704, 0, 
236, 0.10999, 4704, 0, 
237, 0.10999, 4704, 0, 
238, 0.109989, 4704, 0, 
239, 0.10999, 4704, 0, 
240, 0.10999, 4704, 0, 
241, 0.10999, 4704, 0, 
242, 0.10999, 4704, 0, 
243, 0.10999, 4704, 0, 
244, 0.10999, 4704, 0, 
245, 0.10999, 4704, 0, 
246, 0.109989, 4704, 0, 
247, 0.10999, 4704, 0, 
248, 0.10999, 4704, 0, 
249, 0.10999, 4704, 0, 
250, 0.10999, 4704, 0, 
251, 0.109989, 4704, 0, 
252, 0.10999, 4704, 0, 
253, 0.10999, 4704, 0, 
254, 0.109991, 4704, 0, 
255, 0.10999, 4704, 0, 
256, 0.10999, 4704, 0, 
257, 0.10999, 4704, 0, 
258, 0.10999, 4704, 0, 
259, 0.10999, 4704, 0, 
260, 0.10999, 4704, 0, 
261, 0.10999, 4704, 0, 
262, 0.10999, 4704, 0, 
263, 0.10999, 4704, 0, 
264, 0.109989, 4704, 0, 
265, 0.10999, 4704, 0, 
266, 0.10999, 4704, 0, 
267, 0.10999, 4704, 0, 
268, 0.10999, 4704, 0, 
269, 0.109989, 4704, 0, 
270, 0.10999, 4704, 0, 
271, 0.10999, 4704, 0, 
272, 0.10999, 4704, 0, 
273, 0.10999, 4704, 0, 
274, 0.10999, 4704, 0, 
275, 0.10999, 4704, 0, 
276, 0.10999, 4704, 0, 
277, 0.109989, 4704, 0, 
278, 0.10999, 4704, 0, 
279, 0.10999, 4704, 0, 
280, 0.10999, 4704, 0, 
281, 0.10999, 4704, 0, 
282, 0.109989, 4704, 0, 
283, 0.10999, 4704, 0, 
284, 0.10999, 4704, 0, 
285, 0.109991, 4704, 0, 
286, 0.10999, 4704, 0, 
287, 0.10999, 4704, 0, 
288, 0.10999, 4704, 0, 
289, 0.10999, 4704, 0, 
290, 0.10999, 4704, 0, 
291, 0.10999, 4704, 0, 
292, 0.10999, 4704, 0, 
293, 0.10999, 4704, 0, 
294, 0.10999, 4704, 0, 
295, 0.109989, 4704, 0, 
296, 0.10999, 4704, 0, 
297, 0.10999, 4704, 0, 
298, 0.10999, 4704, 0, 
299, 0.10999, 4704, 0, 
300, 0.109989, 4704, 0, 
301, 0.10999, 4704, 0, 
302, 0.10999, 4704, 0, 
303, 0.10999, 4704, 0, 
304, 0.10999, 4704, 0, 
305, 0.10999, 4704, 0, 
306, 0.10999, 4704, 0, 
307, 0.10999, 4704, 0, 
308, 0.109989, 4704, 0, 
309, 0.10999, 4704, 0, 
310, 0.10999, 4704, 0, 
311, 0.10999, 4704, 0, 
312, 0.10999, 4704, 0, 
313, 0.109989, 4704, 0, 
314, 0.10999, 4704, 0, 
315, 0.10999, 4704, 0, 
316, 0.109991, 4704, 0, 
317, 0.10999, 4704, 0, 
318, 0.10999, 4704, 0, 
319, 0.10999, 4704, 0, 
320, 0.10999, 4704, 0, 
321, 0.10999, 4704, 0, 
322, 0.10999, 4704, 0, 
323, 0.10999, 4704, 0, 
324, 0.10999, 4704, 0, 
325, 0.10999, 4704, 0, 
326, 0.109989, 4704, 0, 
327, 0.10999, 4704, 0, 
328, 0.10999, 4704, 0, 
329, 0.10999, 4704, 0, 
330, 0.10999, 4704, 0, 
331, 0.109989, 4704, 0, 
332, 0.10999, 4704, 0, 
333, 0.10999, 4704, 0, 
334, 0.10999, 4704, 0, 
335, 0.10999, 4704, 0, 
336, 0.10999, 4704, 0, 
337, 0.10999, 4704, 0, 
338, 0.10999, 4704, 0, 
339, 0.109989, 4704, 0, 
340, 0.10999, 4704, 0, 
341, 0.10999, 4704, 0, 
342, 0.10999, 4704, 0, 
343, 0.10999, 4704, 0, 
344, 0.109989, 4704, 0, 
345, 0.10999, 4704, 0, 
346, 0.10999, 4704, 0, 
347, 0.109991, 4704, 0, 
348, 0.10999, 4704, 0, 
349, 0.10999, 4704, 0, 
350, 0.10999, 4704, 0, 
351, 0.10999, 4704, 0, 
352, 0.10999, 4704, 0, 
353, 0.10999, 4704, 0, 
354, 0.10999, 4704, 0, 
355, 0.10999, 4704, 0, 
356, 0.10999, 4704, 0, 
357, 0.109989, 4704, 0, 
358, 0.10999, 4704, 0, 
359, 0.10999, 4704, 0, 
360, 0.10999, 4704, 0, 
361, 0.10999, 4704, 0, 
362, 0.109989, 4704, 0, 
363, 0.10999, 4704, 0, 
364, 0.10999, 4704, 0, 
365, 0.10999, 4704, 0, 
366, 0.10999, 4704, 0, 
367, 0.10999, 4704, 0, 
368, 0.10999, 4704, 0, 
369, 0.10999, 4704, 0, 
370, 0.109989, 4704, 0, 
371, 0.10999, 4704, 0, 
372, 0.10999, 4704, 0, 
373, 0.10999, 4704, 0, 
374, 0.10999, 4704, 0, 
375, 0.109989, 4704, 0, 
376, 0.10999, 4704, 0, 
377, 0.10999, 4704, 0, 
378, 0.109991, 4704, 0, 
379, 0.10999, 4704, 0, 
380, 0.10999, 4704, 0, 
381, 0.10999, 4704, 0, 
382, 0.10999, 4704, 0, 
383, 0.10999, 4704, 0, 
384, 0.10999, 4704, 0, 
385, 0.10999, 4704, 0, 
386, 0.10999, 4704, 0, 
387, 0.10999, 4704, 0, 
388, 0.109989, 4704, 0, 
389, 0.10999, 4704, 0, 
390, 0.10999, 4704, 0, 
391, 0.10999, 4704, 0, 
392, 0.10999, 4704, 0, 
393, 0.109989, 4704, 0, 
394, 0.10999, 4704, 0, 
395, 0.10999, 4704, 0, 
396, 0.10999, 4704, 0, 
397, 0.10999, 4704, 0, 
398, 0.10999, 4704, 0, 
399, 0.10999, 4704, 0, 
1, 0.250592, 37632, 0, 
2, 0.238979, 37632, 0, 
3, 0.223259, 37632, 0, 
4, 0.205442, 37632, 0, 
5, 0.185783, 37632, 0, 
6, 0.160591, 37632, 0, 
7, 0.128502, 4704, 0, 
8, 0.114117, 4704, 0, 
9, 0.108854, 4704, 0, 
10, 0.108759, 4704, 0, 
11, 0.111966, 4704, 0, 
12, 0.112629, 4704, 0, 
13, 0.109915, 4704, 0, 
14, 0.109817, 4704, 0, 
15, 0.109846, 4704, 0, 
16, 0.110823, 4704, 0, 
17, 0.110338, 4704, 0, 
18, 0.110006, 4704, 0, 
19, 0.110007, 4704, 0, 
20, 0.109979, 4704, 0, 
21, 0.110231, 4704, 0, 
22, 0.11027, 4704, 0, 
23, 0.110172, 4704, 0, 
24, 0.109958, 4704, 0, 
25, 0.109923, 4704, 0, 
26, 0.110103, 4704, 0, 
27, 0.110049, 4704, 0, 
28, 0.110057, 4704, 0, 
29, 0.110029, 4704, 0, 
30, 0.110064, 4704, 0, 
31, 0.11008, 4704, 0, 
32, 0.11011, 4704, 0, 
33, 0.109996, 4704, 0, 
34, 0.110015, 4704, 0, 
35, 0.110009, 4704, 0, 
36, 0.109983, 4704, 0, 
37, 0.109947, 4704, 0, 
38, 0.10992, 4704, 0, 
39, 0.109912, 4704, 0, 
40, 0.109946, 4704, 0, 
41, 0.109913, 4704, 0, 
42, 0.109785, 4704, 0, 
43, 0.109817, 4704, 0, 
44, 0.109738, 4704, 0, 
45, 0.109768, 4704, 0, 
46, 0.109853, 4704, 0, 
47, 0.109868, 4704, 0, 
48, 0.109842, 4704, 0, 
49, 0.109795, 4704, 0, 
50, 0.109726, 4704, 0, 
51, 0.109628, 4704, 0, 
52, 0.109515, 4704, 0, 
53, 0.109357, 4704, 0, 
54, 0.109575, 4704, 0, 
55, 0.109499, 4704, 0, 
56, 0.109398, 4704, 0, 
57, 0.109361, 4704, 0, 
58, 0.108874, 4704, 0, 
59, 0.10884, 4704, 0, 
60, 0.108838, 4704, 0, 
61, 0.109342, 4704, 0, 
62, 0.108572, 4704, 0, 
63, 0.108811, 4704, 0, 
64, 0.108142, 4704, 0, 
65, 0.107527, 4704, 0, 
66, 0.107371, 4704, 0, 
67, 0.106959, 4704, 0, 
68, 0.106186, 4905, 0, 
69, 0.105541, 4907, 0, 
70, 0.104639, 4898, 0, 
71, 0.103569, 4877, 0, 
72, 0.10238, 4840, 0, 
73, 0.101111, 4824, 0, 
74, 0.0998256, 4790, 0, 
75, 0.0988136, 4704, 0, 
76, 0.0967325, 3993, 0, 
77, 0.0945943, 3970, 0, 
78, 0.093283, 3955, 0, 
79, 0.0926658, 3990, 0, 
80, 0.0934551, 4050, 0, 
81, 0.0933584, 4083, 0, 
82, 0.0934856, 4126, 0, 
83, 0.0929038, 4127, 0, 
84, 0.0927391, 4065, 0, 
85, 0.0923782, 4021, 0, 
86, 0.0921663, 4029, 0, 
87, 0.091815, 3994, 0, 
88, 0.0914691, 3987, 0, 
89, 0.090692, 3947, 0, 
90, 0.0900405, 3915, 0, 
91, 0.0899943, 3923, 0, 
92, 0.0897758, 3917, 0, 
93, 0.089701, 3926, 0, 
94, 0.0897548, 3930, 0, 
95, 0.089713, 3926, 0, 
96, 0.0892521, 3925, 0, 
97, 0.089494, 3921, 0, 
98, 0.0894509, 3923, 0, 
99, 0.0892515, 3925, 0, 
100, 0.0892156, 3925, 0, 
101, 0.0886839, 3926, 0, 
102, 0.0887131, 3926, 0, 
103, 0.0889159, 3927, 0, 
104, 0.0888759, 3933, 0, 
105, 0.0886148, 3940, 0, 
106, 0.0881821, 3948, 0, 
107, 0.087796, 3955, 0, 
108, 0.0872509, 3964, 0, 
109, 0.0871375, 3799, 0, 
110, 0.0870667, 3818, 0, 
111, 0.0876447, 3856, 0, 
112, 0.0891054, 3932, 0, 
113, 0.0906604, 4016, 0, 
114, 0.0909654, 4006, 0, 
115, 0.0907816, 4034, 0, 
116, 0.0907008, 4054, 0, 
117, 0.0907306, 4061, 0, 
118, 0.0916752, 4071, 0, 
119, 0.0920639, 4831, 0, 
120, 0.090958, 4053, 0, 
121, 0.0907115, 4107, 0, 
122, 0.0908811, 4077, 0, 
123, 0.091396, 4097, 0, 
124, 0.092059, 4205, 0, 
125, 0.0918065, 4151, 0, 
126, 0.0917791, 4150, 0, 
127, 0.0919561, 4153, 0, 
128, 0.0921249, 4144, 0, 
129, 0.0923305, 4149, 0, 
130, 0.0922953, 4150, 0, 
131, 0.0953405, 4301, 0, 
132, 0.0998485, 4626, 0, 
133, 0.0937875, 4313, 0, 
134, 0.0927556, 4238, 0, 
135, 0.0935413, 4220, 0, 
136, 0.0925943, 4168, 0, 
137, 0.0928942, 4183, 0, 
138, 0.0944807, 4256, 0, 
139, 0.0951181, 4273, 0, 
140, 0.0938261, 4215, 0, 
141, 0.0940946, 4218, 0, 
142, 0.0943381, 4236, 0, 
143, 0.0955575, 4305, 0, 
144, 0.0972256, 4397, 0, 
145, 0.0973018, 4408, 0, 
146, 0.0945462, 4306, 0, 
147, 0.0955231, 4388, 0, 
148, 0.0960726, 4594, 0, 
149, 0.0965312, 4747, 0, 
150, 0.10679, 6864, 0, 
151, 0.098398, 6440, 0, 
152, 0.098466, 6499, 0, 
153, 0.0977863, 6518, 0, 
154, 0.0954569, 6569, 0, 
155, 0.095185, 5564, 0, 
156, 0.109344, 7355, 0, 
157, 0.0971674, 6515, 0, 
158, 0.0983943, 6525, 0, 
159, 0.106621, 8284, 0, 
160, 0.0956775, 6631, 0, 
161, 0.103893, 7192, 0, 
162, 0.0982723, 5543, 0, 
163, 0.102984, 7997, 0, 
164, 0.0968244, 6423, 0, 
165, 0.0943646, 6472, 0, 
166, 0.0931817, 6553, 0, 
167, 0.0936625, 6576, 0, 
168, 0.0945962, 5544, 0, 
169, 0.0942272, 6558, 0, 
170, 0.0944476, 6572, 0, 
171, 0.0933556, 6563, 0, 
172, 0.093075, 6573, 0, 
173, 0.0935228, 6574, 0, 
174, 0.0927512, 6604, 0, 
175, 0.093668, 6561, 0, 
176, 0.092858, 6591, 0, 
177, 0.0936906, 6608, 0, 
178, 0.0930538, 6612, 0, 
179, 0.0939794, 6626, 0, 
180, 0.0936413, 6624, 0, 
181, 0.0946517, 6668, 0, 
182, 0.0941872, 6688, 0, 
183, 0.0950865, 6712, 0, 
184, 0.0950045, 6722, 0, 
185, 0.095505, 6723, 0, 
186, 0.0955476, 6735, 0, 
187, 0.0956515, 6734, 0, 
188, 0.0956605, 6752, 0, 
189, 0.0954574, 6764, 0, 
190, 0.0950879, 6783, 0, 
191, 0.0945039, 6838, 0, 
192, 0.0944217, 5719, 0, 
193, 0.0953358, 6842, 0, 
194, 0.0944746, 6841, 0, 
195, 0.0942445, 6845, 0, 
196, 0.0942442, 6716, 0, 
197, 0.0948136, 5703, 0, 
198, 0.0940508, 6702, 0, 
199, 0.0949174, 6718, 0, 
200, 0.114618, 8521, 0, 
201, 0.0949142, 6718, 0, 
202, 0.0939404, 6721, 0, 
203, 0.0947723, 6722, 0, 
204, 0.0938461, 6727, 0, 
205, 0.107642, 8527, 0, 
206, 0.0938505, 6727, 0, 
207, 0.107374, 8524, 0, 
208, 0.0938641, 6717, 0, 
209, 0.107008, 8509, 0, 
210, 0.0937622, 6711, 0, 
211, 0.107139, 8492, 0, 
212, 0.0944176, 6716, 0, 
213, 0.107337, 8469, 0, 
214, 0.094997, 6704, 0, 
215, 0.0963069, 6698, 0, 
216, 0.0955037, 6692, 0, 
217, 0.0954904, 6688, 0, 
218, 0.0959539, 6685, 0, 
219, 0.096029, 6681, 0, 
220, 0.0961614, 6673, 0, 
221, 0.095932, 6666, 0, 
222, 0.0945032, 6659, 0, 
223, 0.0934344, 6691, 0, 
224, 0.0929416, 6644, 0, 
225, 0.0967072, 6956, 0, 
226, 0.096712, 6973, 0, 
227, 0.156522, 10929, 0, 
228, 0.196601, 10848, 0, 
229, 0.164556, 12735, 0, 
230, 0.0945719, 6534, 0, 
231, 0.0922628, 6506, 0, 
232, 0.0920645, 6494, 0, 
233, 0.0921127, 6503, 0, 
234, 0.0925794, 6530, 0, 
235, 0.0919713, 6479, 0, 
236, 0.0916695, 6465, 0, 
237, 0.104874, 8203, 0, 
238, 0.0940022, 6472, 0, 
239, 0.0911952, 6456, 0, 
240, 0.0909932, 6435, 0, 
241, 0.10539, 8227, 0, 
242, 0.090781, 6463, 0, 
243, 0.090383, 6448, 0, 
244, 0.0925784, 6426, 0, 
245, 0.103074, 8154, 0, 
246, 0.0894169, 6005, 0, 
247, 0.102335, 7751, 0, 
248, 0.0911666, 5978, 0, 
249, 0.101653, 7705, 0, 
250, 0.0883405, 6019, 0, 
251, 0.101493, 7754, 0, 
252, 0.0883031, 5093, 0, 
253, 0.101636, 6819, 0, 
254, 0.0884895, 5089, 0, 
255, 0.0881586, 5055, 0, 
256, 0.0881194, 5077, 0, 
257, 0.0880444, 5075, 0, 
258, 0.0880153, 5071, 0, 
259, 0.100979, 6798, 0, 
260, 0.0877909, 5055, 0, 
261, 0.087879, 5050, 0, 
262, 0.0877004, 5009, 0, 
263, 0.0875773, 5031, 0, 
264, 0.0874265, 5012, 0, 
265, 0.0872565, 4993, 0, 
266, 0.0870705, 5011, 0, 
267, 0.0869244, 5000, 0, 
268, 0.0868715, 4978, 0, 
269, 0.0867387, 4993, 0, 
270, 0.0867018, 4995, 0, 
271, 0.0866365, 4976, 0, 
272, 0.0866702, 4974, 0, 
273, 0.0866648, 4977, 0, 
274, 0.086605, 4972, 0, 
275, 0.0992278, 6608, 0, 
276, 0.0863614, 4929, 0, 
277, 0.0862673, 4949, 0, 
278, 0.0861573, 4916, 0, 
279, 0.0859383, 4905, 0, 
280, 0.0857272, 4894, 0, 
281, 0.0851804, 4892, 0, 
282, 0.0850757, 4891, 0, 
283, 0.0849624, 4894, 0, 
284, 0.0846602, 4787, 0, 
285, 0.0843357, 4766, 0, 
286, 0.0843177, 4870, 0, 
287, 0.0842461, 4878, 0, 
288, 0.083909, 4860, 0, 
289, 0.0838353, 4866, 0, 
290, 0.0839077, 4890, 0, 
291, 0.0838728, 4918, 0, 
292, 0.084123, 4991, 0, 
293, 0.0840997, 4764, 0, 
294, 0.083777, 4754, 0, 
295, 0.0831714, 4738, 0, 
296, 0.081881, 4676, 0, 
297, 0.0809783, 4646, 0, 
298, 0.0795344, 4636, 0, 
299, 0.0781766, 4617, 0, 
300, 0.0769952, 4596, 0, 
301, 0.0755856, 6003, 0, 
302, 0.0865956, 7202, 0, 
303, 0.0733443, 5537, 0, 
304, 0.0783073, 4664, 0, 
305, 0.0725231, 4111, 0, 
306, 0.0728904, 4108, 0, 
307, 0.0910231, 5615, 0, 
308, 0.0726022, 4113, 0, 
309, 0.0906446, 5613, 0, 
310, 0.0730178, 4176, 0, 
311, 0.0907715, 5692, 0, 
312, 0.0741694, 4293, 0, 
313, 0.0916654, 5829, 0, 
314, 0.0749936, 4419, 0, 
315, 0.102754, 7409, 0, 
316, 0.0756669, 4897, 0, 
317, 0.098943, 7790, 0, 
318, 0.0764869, 5029, 0, 
319, 0.0970955, 6717, 0, 
320, 0.0778112, 5178, 0, 
321, 0.0975446, 6801, 0, 
322, 0.0796722, 5465, 0, 
323, 0.0821925, 5558, 0, 
324, 0.080751, 5622, 0, 
325, 0.0978201, 7058, 0, 
326, 0.0792454, 5541, 0, 
327, 0.0824105, 4828, 0, 
328, 0.0786599, 4567, 0, 
329, 0.0963848, 6113, 0, 
330, 0.0778681, 4477, 0, 
331, 0.0951704, 6043, 0, 
332, 0.0766581, 4440, 0, 
333, 0.0796066, 5854, 0, 
334, 0.0760283, 5544, 0, 
335, 0.0787881, 6890, 0, 
336, 0.0752165, 6058, 0, 
337, 0.07773, 5107, 0, 
338, 0.0744335, 5562, 0, 
339, 0.0769173, 5741, 0, 
340, 0.0741549, 5826, 0, 
341, 0.0769462, 6016, 0, 
342, 0.0757312, 5725, 0, 
343, 0.0800146, 5420, 0, 
344, 0.0787285, 5235, 0, 
345, 0.0834029, 5089, 0, 
346, 0.0818479, 5802, 0, 
347, 0.0850648, 5593, 0, 
348, 0.0847063, 5994, 0, 
349, 0.0882446, 6122, 0, 
350, 0.0867193, 7514, 0, 
351, 0.103282, 8364, 0, 
352, 0.136188, 8387, 0, 
353, 0.0942866, 6494, 0, 
354, 0.0900428, 6168, 0, 
355, 0.0911467, 6262, 0, 
356, 0.0957749, 8306, 0, 
357, 0.119253, 8038, 0, 
358, 0.0950587, 6061, 0, 
359, 0.127813, 9379, 0, 
360, 0.0887386, 6060, 0, 
361, 0.08952, 5750, 0, 
362, 0.0890342, 5813, 0, 
363, 0.0902074, 5677, 0, 
364, 0.0885595, 5823, 0, 
365, 0.0893113, 5766, 0, 
366, 0.0888551, 6203, 0, 
367, 0.0902366, 5802, 0, 
368, 0.0890629, 5805, 0, 
369, 0.0924308, 7025, 0, 
370, 0.108146, 9179, 0, 
371, 0.091265, 6976, 0, 
372, 0.0888334, 6991, 0, 
373, 0.0905714, 6960, 0, 
374, 0.0897124, 6984, 0, 
375, 0.0938559, 7031, 0, 
376, 0.0888187, 7073, 0, 
377, 0.0893574, 6982, 0, 
378, 0.0876936, 7020, 0, 
379, 0.0889879, 6948, 0, 
380, 0.087662, 7036, 0, 
381, 0.0892826, 8195, 0, 
382, 0.0884474, 8198, 0, 
383, 0.0903937, 8230, 0, 
384, 0.088771, 8249, 0, 
385, 0.0891049, 6609, 0, 
386, 0.0895784, 6600, 0, 
387, 0.0926293, 8301, 0, 
388, 0.0912499, 8313, 0, 
389, 0.0938557, 8325, 0, 
390, 0.0922203, 6250, 0, 
391, 0.0941769, 8053, 0, 
392, 0.0929362, 6228, 0, 
393, 0.093631, 6251, 0, 
394, 0.0926356, 6284, 0, 
395, 0.0936901, 6309, 0, 
396, 0.0926729, 6307, 0, 
397, 0.0935025, 6339, 0, 
398, 0.0929062, 6343, 0, 
399, 0.0940141, 6356, 0, 
400, 0.0933694, 6378, 0, 
401, 0.09432, 6412, 0, 
402, 0.0934856, 6411, 0, 
403, 0.0943558, 6395, 0, 
404, 0.0935824, 6375, 0, 
405, 0.0933934, 6136, 0, 
406, 0.0924707, 6150, 0, 
407, 0.0932909, 6167, 0, 
408, 0.0926828, 6190, 0, 
409, 0.0935628, 6202, 0, 
410, 0.0928203, 6234, 0, 
411, 0.0930636, 5185, 0, 
412, 0.0921686, 5209, 0, 
413, 0.0926646, 5244, 0, 
414, 0.0918943, 5248, 0, 
415, 0.0930486, 5160, 0, 
416, 0.0925544, 5187, 0, 
417, 0.0929406, 5210, 0, 
418, 0.0941809, 5240, 0, 
419, 0.0932358, 5262, 0, 
420, 0.0924525, 5264, 0, 
421, 0.0929877, 5279, 0, 
422, 0.0923113, 5287, 0, 
423, 0.0925277, 5304, 0, 
424, 0.0922515, 5286, 0, 
425, 0.0928344, 5293, 0, 
426, 0.0926404, 5303, 0, 
427, 0.0929405, 5326, 0, 
428, 0.0925139, 5159, 0, 
429, 0.0928885, 5161, 0, 
430, 0.0925613, 5203, 0, 
431, 0.0929214, 5237, 0, 
432, 0.0923577, 5255, 0, 
433, 0.0926484, 5273, 0, 
434, 0.0923753, 5274, 0, 
435, 0.092936, 5278, 0, 
436, 0.0925866, 5273, 0, 
437, 0.0930681, 5264, 0, 
438, 0.0926678, 5253, 0, 
439, 0.0929125, 5233, 0, 
440, 0.0925034, 5227, 0, 
441, 0.0925926, 5393, 0, 
442, 0.0975823, 5407, 0, 
443, 0.102899, 5664, 0, 
444, 0.0976988, 5507, 0, 
445, 0.0977207, 5545, 0, 
446, 0.0970739, 5568, 0, 
447, 0.101398, 5719, 0, 
448, 0.0961885, 5706, 0, 
449, 0.100835, 5703, 0, 
450, 0.0942227, 5686, 0, 
451, 0.103769, 6766, 0, 
452, 0.0929895, 5722, 0, 
453, 0.109161, 6547, 0, 
454, 0.11675, 8010, 0, 
455, 0.108467, 6669, 0, 
456, 0.105645, 7714, 0, 
457, 0.102822, 6697, 0, 
458, 0.0997536, 7636, 0, 
459, 0.097428, 5466, 0, 
460, 0.0920854, 6545, 0, 
461, 0.0921803, 6547, 0, 
462, 0.0921451, 5461, 0, 
463, 0.0957852, 5473, 0, 
464, 0.0924266, 5468, 0, 
465, 0.0954078, 5489, 0, 
466, 0.0946585, 5526, 0, 
467, 0.0926343, 5557, 0, 
468, 0.0916165, 7113, 0, 
469, 0.0917211, 7117, 0, 
470, 0.0913458, 7114, 0, 
471, 0.0933851, 6874, 0, 
472, 0.094293, 6664, 0, 
473, 0.0929147, 6860, 0, 
474, 0.0938384, 6645, 0, 
475, 0.0916688, 6835, 0, 
476, 0.0934777, 6635, 0, 
477, 0.0923951, 6635, 0, 
478, 0.091427, 6830, 0, 
479, 0.091466, 6817, 0, 
480, 0.0902056, 7089, 0, 
481, 0.0877689, 6606, 0, 
482, 0.08798, 7093, 0, 
483, 0.088111, 7086, 0, 
484, 0.0876824, 6611, 0, 
485, 0.0886356, 7013, 0, 
486, 0.0892838, 7118, 0, 
487, 0.0879376, 7221, 0, 
488, 0.0879261, 6774, 0, 
489, 0.088593, 6904, 0, 
490, 0.0890908, 6970, 0, 
491, 0.0899516, 7010, 0, 
492, 0.089963, 7523, 0, 
493, 0.090659, 6903, 0, 
494, 0.0892142, 6912, 0, 
495, 0.0872988, 7056, 0, 
496, 0.0872127, 7049, 0, 
497, 0.0878628, 6916, 0, 
498, 0.0876759, 6015, 0, 
499, 0.0874064, 5520, 0, 
500, 0.086047, 5683, 0, 
501, 0.0885815, 5729, 0, 
502, 0.0921151, 6054, 0, 
503, 0.0876111, 5806, 0, 
504, 0.0871619, 6238, 0, 
505, 0.0886258, 6124, 0, 
506, 0.0894264, 6266, 0, 
507, 0.089581, 6332, 0, 
508, 0.0912185, 9869, 0, 
509, 0.0901017, 9882, 0, 
510, 0.0892036, 6648, 0, 
511, 0.0891826, 6640, 0, 
512, 0.0889201, 7158, 0, 
513, 0.0884616, 7147, 0, 
514, 0.0880764, 7288, 0, 
515, 0.0885024, 7154, 0, 
516, 0.0876503, 7296, 0, 
517, 0.0881478, 7147, 0, 
518, 0.0872883, 6788, 0, 
519, 0.0883942, 6671, 0, 
520, 0.0886806, 6720, 0, 
521, 0.0903051, 7499, 0, 
522, 0.0915725, 7393, 0, 
523, 0.0913456, 7605, 0, 
524, 0.0912992, 7408, 0, 
525, 0.0907332, 7597, 0, 
526, 0.0906669, 7393, 0, 
527, 0.0899357, 6686, 0, 
528, 0.0899059, 6492, 0, 
529, 0.0896126, 6398, 0, 
530, 0.0896464, 6702, 0, 
531, 0.0900097, 6508, 0, 
532, 0.0900352, 6245, 0, 
533, 0.0895081, 6417, 0, 
534, 0.0893516, 6707, 0, 
535, 0.0900741, 6524, 0, 
536, 0.0900226, 6525, 0, 
537, 0.090068, 6532, 0, 
538, 0.0895349, 6776, 0, 
539, 0.0897239, 7539, 0, 
540, 0.0903693, 5446, 0, 
541, 0.090942, 5556, 0, 
542, 0.0909931, 7569, 0, 
543, 0.0911758, 6720, 0, 
544, 0.0908429, 6927, 0, 
545, 0.0912006, 6944, 0, 
546, 0.0915185, 5631, 0, 
547, 0.0917707, 5634, 0, 
548, 0.0917849, 6848, 0, 
549, 0.0916535, 7038, 0, 
550, 0.091354, 7060, 0, 
551, 0.0916377, 6872, 0, 
552, 0.0914074, 5679, 0, 
553, 0.0916027, 6884, 0, 
554, 0.0910144, 7104, 0, 
555, 0.0913769, 6925, 0, 
556, 0.0911891, 7135, 0, 
557, 0.0919668, 7141, 0, 
558, 0.0907481, 5752, 0, 
559, 0.0940717, 6520, 0, 
560, 0.0910001, 5779, 0, 
561, 0.0935926, 6525, 0, 
562, 0.0902196, 5799, 0, 
563, 0.0923158, 6526, 0, 
564, 0.0903891, 6279, 0, 
565, 0.0928771, 5842, 0, 
566, 0.0897359, 5854, 0, 
567, 0.0922111, 6279, 0, 
568, 0.0896193, 6278, 0, 
569, 0.091738, 6755, 0, 
570, 0.0894832, 6744, 0, 
571, 0.0912018, 6734, 0, 
572, 0.0888078, 6724, 0, 
573, 0.0904464, 6278, 0, 
574, 0.0888222, 7241, 0, 
575, 0.0903707, 7240, 0, 
576, 0.0884469, 7240, 0, 
577, 0.0904364, 7674, 0, 
578, 0.088244, 7240, 0, 
579, 0.0898356, 7240, 0, 
580, 0.0880459, 7672, 0, 
581, 0.089208, 7669, 0, 
582, 0.0877213, 7745, 0, 
583, 0.0889017, 7746, 0, 
584, 0.087659, 7748, 0, 
585, 0.08879, 7326, 0, 
586, 0.0876144, 7327, 0, 
587, 0.0881442, 7760, 0, 
588, 0.0868406, 7756, 0, 
589, 0.0867788, 7757, 0, 
590, 0.0950677, 7912, 0, 
591, 0.0886663, 7760, 0, 
592, 0.0945897, 7912, 0, 
593, 0.0879831, 7764, 0, 
594, 0.0943396, 8329, 0, 
595, 0.0854032, 8528, 0, 
596, 0.0936561, 9089, 0, 
597, 0.0848508, 8505, 0, 
598, 0.0932355, 9073, 0, 
599, 0.0845837, 8831, 0, 
600, 0.0929373, 9065, 0, 
601, 0.0843682, 8493, 0, 
602, 0.0927527, 9068, 0, 
603, 0.0841804, 8493, 0, 
604, 0.0924536, 8840, 0, 
605, 0.0839346, 8264, 0, 
606, 0.0922361, 8841, 0, 
607, 0.0839471, 8264, 0, 
608, 0.0921307, 8844, 0, 
609, 0.0836105, 8264, 0, 
610, 0.0920207, 8853, 0, 
611, 0.0835389, 8258, 0, 
612, 0.0918407, 8852, 0, 
613, 0.0832486, 8253, 0, 
614, 0.0915695, 8847, 0, 
615, 0.0830202, 8238, 0, 
616, 0.0913484, 8838, 0, 
617, 0.0828396, 8233, 0, 
618, 0.091382, 8843, 0, 
619, 0.0906287, 10949, 0, 
620, 0.0914435, 10015, 0, 
621, 0.082829, 9396, 0, 
622, 0.108656, 11578, 0, 
623, 0.0826809, 9388, 0, 
624, 0.108751, 11614, 0, 
625, 0.0826206, 9378, 0, 
626, 0.108404, 11544, 0, 
627, 0.0825706, 9374, 0, 
628, 0.108112, 11544, 0, 
629, 0.082665, 9299, 0, 
630, 0.108164, 11637, 0, 
631, 0.0828555, 9783, 0, 
632, 0.108286, 11640, 0, 
633, 0.0827075, 9349, 0, 
634, 0.107965, 12144, 0, 
635, 0.0824557, 9336, 0, 
636, 0.10769, 11635, 0, 
637, 0.0825652, 9848, 0, 
638, 0.107924, 12276, 0, 
639, 0.0826307, 8744, 0, 
640, 0.107576, 11186, 0, 
641, 0.0826241, 8730, 0, 
642, 0.0938151, 9549, 0, 
643, 0.0966671, 10342, 0, 
644, 0.0942938, 9548, 0, 
645, 0.0965615, 10324, 0, 
646, 0.094672, 9537, 0, 
647, 0.0967557, 10317, 0, 
648, 0.0947523, 9509, 0, 
649, 0.0969132, 10324, 0, 
650, 0.0949293, 9491, 0, 
651, 0.0971515, 10340, 0, 
652, 0.0950186, 9482, 0, 
653, 0.0834674, 8649, 0, 
654, 0.0947349, 9452, 0, 
655, 0.0939069, 9849, 0, 
656, 0.0952419, 9458, 0, 
657, 0.092697, 10347, 0, 
658, 0.0949012, 8969, 0, 
659, 0.0895346, 10375, 0, 
660, 0.0950118, 8291, 0, 
661, 0.0865847, 7477, 0, 
662, 0.0951909, 8238, 0, 
663, 0.0863312, 7466, 0, 
664, 0.0954535, 8208, 0, 
665, 0.0859712, 7438, 0, 
666, 0.0952033, 8148, 0, 
667, 0.0855886, 7388, 0, 
668, 0.0950421, 8086, 0, 
669, 0.0857595, 7356, 0, 
670, 0.0953014, 8048, 0, 
671, 0.0860803, 7315, 0, 
672, 0.0951031, 7993, 0, 
673, 0.0861971, 7287, 0, 
674, 0.0952899, 8274, 0, 
675, 0.0864991, 7589, 0, 
676, 0.0956523, 8254, 0, 
677, 0.0874541, 7545, 0, 
678, 0.0957801, 8165, 0, 
679, 0.0881078, 7509, 0, 
680, 0.088331, 7489, 0, 
681, 0.0993238, 8031, 0, 
682, 0.102922, 8013, 0, 
683, 0.0971982, 7963, 0, 
684, 0.0888939, 6950, 0, 
685, 0.0885445, 6912, 0, 
686, 0.0884754, 6880, 0, 
687, 0.0880037, 6841, 0, 
688, 0.0887941, 6798, 0, 
689, 0.0881455, 6746, 0, 
690, 0.0874778, 6717, 0, 
691, 0.0874423, 7089, 0, 
692, 0.150008, 10541, 0, 
693, 0.0913394, 7045, 0, 
694, 0.0872882, 6519, 0, 
695, 0.0878787, 6476, 0, 
696, 0.0873656, 6419, 0, 
697, 0.087028, 6393, 0, 
698, 0.0887508, 6623, 0, 
699, 0.103349, 9265, 0, 
700, 0.0865266, 6359, 0, 
701, 0.0872974, 6319, 0, 
702, 0.0868893, 6312, 0, 
703, 0.0863385, 6435, 0, 
704, 0.086411, 6318, 0, 
705, 0.0860283, 6696, 0, 
706, 0.0860484, 5953, 0, 
707, 0.0861258, 5869, 0, 
708, 0.0856581, 5953, 0, 
709, 0.0864198, 6127, 0, 
710, 0.0864161, 6127, 0, 
711, 0.0861336, 5745, 0, 
712, 0.0863203, 6213, 0, 
713, 0.0861741, 6222, 0, 
714, 0.0872764, 6519, 0, 
715, 0.0869378, 6425, 0, 
716, 0.0869877, 6357, 0, 
717, 0.0876224, 6367, 0, 
718, 0.0876862, 6374, 0, 
719, 0.0877638, 6376, 0, 
720, 0.0882883, 6461, 0, 
721, 0.0907785, 6808, 0, 
722, 0.0916643, 6891, 0, 
723, 0.0922983, 6930, 0, 
724, 0.0939764, 7026, 0, 
725, 0.0942409, 7142, 0, 
726, 0.0951927, 7268, 0, 
727, 0.096014, 6873, 0, 
728, 0.0962297, 6909, 0, 
729, 0.0971031, 7051, 0, 
730, 0.0963275, 6929, 0, 
731, 0.0959103, 6943, 0, 
732, 0.0963058, 7095, 0, 
733, 0.0953019, 8170, 0, 
734, 0.0947034, 8164, 0, 
735, 0.0944967, 7519, 0, 
736, 0.094047, 7488, 0, 
737, 0.09362, 7462, 0, 
738, 0.0942164, 7549, 0, 
739, 0.094482, 7426, 0, 
740, 0.0941554, 7437, 0, 
741, 0.0942862, 7430, 0, 
742, 0.0943341, 7396, 0, 
743, 0.0944336, 7499, 0, 
744, 0.0938312, 7360, 0, 
745, 0.0942347, 7451, 0, 
746, 0.0941451, 7443, 0, 
747, 0.094024, 7334, 0, 
748, 0.093734, 7322, 0, 
749, 0.0932669, 7299, 0, 
750, 0.0936486, 7395, 0, 
751, 0.0936939, 7392, 0, 
752, 0.0930592, 7292, 0, 
753, 0.100974, 8820, 0, 
754, 0.0931525, 7308, 0, 
755, 0.0927869, 7293, 0, 
756, 0.0927715, 7285, 0, 
757, 0.09331, 7409, 0, 
758, 0.0930321, 7287, 0, 
759, 0.100076, 8919, 0, 
760, 0.0932775, 8130, 0, 
761, 0.0929788, 7297, 0, 
762, 0.0930175, 7303, 0, 
763, 0.0931354, 7313, 0, 
764, 0.093208, 6451, 0, 
765, 0.0938403, 7434, 0, 
766, 0.0936462, 6353, 0, 
767, 0.0936941, 6442, 0, 
768, 0.0942416, 6447, 0, 
769, 0.0941468, 6444, 0, 
770, 0.0940224, 6422, 0, 
771, 0.0944515, 6405, 0, 
772, 0.0943988, 6394, 0, 
773, 0.0944771, 6386, 0, 
774, 0.0943151, 7099, 0, 
775, 0.0942566, 7111, 0, 
776, 0.0946924, 7009, 0, 
777, 0.0946819, 7021, 0, 
778, 0.0949044, 7563, 0, 
779, 0.09431, 6572, 0, 
780, 0.0944225, 6589, 0, 
781, 0.0940312, 6592, 0, 
782, 0.0946242, 5909, 0, 
783, 0.0953425, 7092, 0, 
784, 0.0948339, 6421, 0, 
785, 0.0939622, 6590, 0, 
786, 0.0939856, 6594, 0, 
787, 0.0947327, 7104, 0, 
788, 0.0948506, 7109, 0, 
789, 0.0943704, 7108, 0, 
790, 0.093677, 6627, 0, 
791, 0.0936967, 7034, 0, 
792, 0.0936791, 7024, 0, 
793, 0.093536, 8234, 0, 
794, 0.0935119, 8226, 0, 
795, 0.0935792, 6999, 0, 
796, 0.0930689, 6884, 0, 
797, 0.0931137, 6826, 0, 
798, 0.0935468, 6888, 0, 
799, 0.0933554, 7995, 0, 
800, 0.0934832, 8292, 0, 
801, 0.0925364, 7980, 0, 
802, 0.0928809, 8291, 0, 
803, 0.0920576, 7978, 0, 
804, 0.0926985, 8290, 0, 
805, 0.0915161, 8094, 0, 
806, 0.0915523, 6994, 0, 
807, 0.09146, 6988, 0, 
808, 0.0911502, 6993, 0, 
809, 0.0910662, 7136, 0, 
810, 0.0908662, 7001, 0, 
811, 0.0907507, 8103, 0, 
812, 0.0902496, 7959, 0, 
813, 0.0901208, 7166, 0, 
814, 0.0896112, 7143, 0, 
815, 0.089298, 6978, 0, 
816, 0.0898187, 7811, 0, 
817, 0.089615, 7805, 0, 
818, 0.0886854, 7505, 0, 
819, 0.0885556, 7780, 0, 
820, 0.0882552, 7940, 0, 
821, 0.0885723, 7799, 0, 
822, 0.0885356, 7960, 0, 
823, 0.0879564, 7943, 0, 
824, 0.087798, 7755, 0, 
825, 0.0875443, 7265, 0, 
826, 0.0868974, 7310, 0, 
827, 0.0866522, 7302, 0, 
828, 0.0869266, 7761, 0, 
829, 0.0875732, 7796, 0, 
830, 0.0880664, 7840, 0, 
831, 0.0887192, 7877, 0, 
832, 0.0890025, 7904, 0, 
833, 0.0897769, 7310, 0, 
834, 0.0902971, 7300, 0, 
835, 0.0908142, 7309, 0, 
836, 0.0905369, 7319, 0, 
837, 0.0906212, 7316, 0, 
838, 0.0902701, 7310, 0, 
839, 0.0896866, 7347, 0, 
840, 0.0895741, 7362, 0, 
841, 0.0887671, 6614, 0, 
842, 0.0880497, 7159, 0, 
843, 0.087737, 7157, 0, 
844, 0.0880236, 7165, 0, 
845, 0.0877385, 7177, 0, 
846, 0.0871026, 7181, 0, 
847, 0.086894, 7174, 0, 
848, 0.0868644, 7173, 0, 
849, 0.0866828, 7159, 0, 
850, 0.0864341, 7160, 0, 
851, 0.086587, 7142, 0, 
852, 0.086481, 7138, 0, 
853, 0.0862059, 7783, 0, 
854, 0.0862424, 7777, 0, 
855, 0.0857169, 7746, 0, 
856, 0.0856177, 7750, 0, 
857, 0.0858116, 7761, 0, 
858, 0.0860094, 7781, 0, 
859, 0.0859746, 7783, 0, 
860, 0.0863068, 7780, 0, 
861, 0.085913, 7765, 0, 
862, 0.085567, 7742, 0, 
863, 0.0854525, 7732, 0, 
864, 0.0854518, 7721, 0, 
865, 0.0854303, 7708, 0, 
866, 0.0851356, 7700, 0, 
867, 0.0850334, 7700, 0, 
868, 0.0853838, 7707, 0, 
869, 0.0857034, 7704, 0, 
870, 0.0856656, 7692, 0, 
871, 0.0858302, 7701, 0, 
872, 0.0858671, 7698, 0, 
873, 0.0861788, 7713, 0, 
874, 0.0862956, 7737, 0, 
875, 0.0858371, 7705, 0, 
876, 0.0858255, 7704, 0, 
877, 0.0863146, 7732, 0, 
878, 0.0866276, 7759, 0, 
879, 0.0871626, 7796, 0, 
880, 0.087734, 7840, 0, 
881, 0.0884665, 7915, 0, 
882, 0.0874211, 7826, 0, 
883, 0.0873639, 7824, 0, 
884, 0.0874831, 7824, 0, 
885, 0.0872806, 7829, 0, 
886, 0.0868485, 7792, 0, 
887, 0.0863144, 7797, 0, 
888, 0.0856838, 7683, 0, 
889, 0.0855226, 7690, 0, 
890, 0.0905121, 7919, 0, 
891, 0.0872503, 7928, 0, 
892, 0.0858875, 7815, 0, 
893, 0.0853504, 7367, 0, 
894, 0.0857853, 7381, 0, 
895, 0.0857254, 7707, 0, 
896, 0.085561, 7699, 0, 
897, 0.0854871, 7695, 0, 
898, 0.085553, 7692, 0, 
899, 0.0856286, 7697, 0, 
900, 0.085668, 7690, 0, 
901, 0.0854513, 7675, 0, 
902, 0.0853809, 7670, 0, 
903, 0.0852037, 7663, 0, 
904, 0.0851975, 7668, 0, 
905, 0.0852111, 7660, 0, 
906, 0.0849159, 7634, 0, 
907, 0.084864, 7629, 0, 
908, 0.0846934, 7601, 0, 
909, 0.0846097, 7688, 0, 
910, 0.0844567, 7684, 0, 
911, 0.0844079, 7688, 0, 
912, 0.0845321, 7691, 0, 
913, 0.0844868, 7687, 0, 
914, 0.0845118, 7687, 0, 
915, 0.0845595, 7689, 0, 
916, 0.0846287, 7689, 0, 
917, 0.0845799, 7687, 0, 
918, 0.0845245, 7684, 0, 
919, 0.084573, 7686, 0, 
920, 0.0846682, 7684, 0, 
921, 0.0846209, 7684, 0, 
922, 0.0844958, 7682, 0, 
923, 0.0845133, 7683, 0, 
924, 0.0845908, 7684, 0, 
925, 0.084593, 7680, 0, 
926, 0.0844808, 7674, 0, 
927, 0.0843276, 7676, 0, 
928, 0.0842791, 7677, 0, 
929, 0.0843517, 7678, 0, 
930, 0.0845641, 7688, 0, 
931, 0.0845349, 7683, 0, 
932, 0.0845676, 7682, 0, 
933, 0.0845701, 7682, 0, 
934, 0.0844821, 7680, 0, 
935, 0.0844189, 7683, 0, 
936, 0.084395, 7682, 0, 
937, 0.084423, 7680, 0, 
938, 0.0843155, 7675, 0, 
939, 0.0843352, 7674, 0, 
940, 0.0843537, 7674, 0, 
941, 0.0844456, 7673, 0, 
942, 0.0843324, 7667, 0, 
943, 0.0842144, 7662, 0, 
944, 0.0842188, 7661, 0, 
945, 0.0842803, 7660, 0, 
946, 0.0842904, 7662, 0, 
947, 0.0842369, 7663, 0, 
948, 0.0842708, 7661, 0, 
949, 0.0842713, 7661, 0, 
950, 0.0843381, 7663, 0, 
951, 0.0842445, 7659, 0, 
952, 0.0842263, 7661, 0, 
953, 0.0841878, 7659, 0, 
954, 0.0842177, 7662, 0, 
955, 0.0841707, 7661, 0, 
956, 0.0841349, 7660, 0, 
957, 0.0842056, 7663, 0, 
958, 0.0842689, 7664, 0, 
959, 0.0840236, 7657, 0, 
960, 0.0840045, 7661, 0, 
961, 0.0841465, 7663, 0, 
962, 0.0842023, 7662, 0, 
963, 0.0841687, 7663, 0, 
964, 0.0840118, 7659, 0, 
965, 0.0841352, 7663, 0, 
966, 0.0840536, 7661, 0, 
967, 0.0840404, 7662, 0, 
968, 0.08401, 7659, 0, 
969, 0.0840726, 7663, 0, 
970, 0.0839918, 7659, 0, 
971, 0.0840017, 7661, 0, 
972, 0.0839846, 7653, 0, 
973, 0.0840319, 7659, 0, 
974, 0.0841741, 7648, 0, 
975, 0.0841904, 7652, 0, 
976, 0.0844913, 7664, 0, 
977, 0.0845737, 7814, 0, 
978, 0.0844245, 7664, 0, 
979, 0.0844616, 7815, 0, 
980, 0.0843155, 7663, 0, 
981, 0.0845081, 7684, 0, 
982, 0.0842439, 7660, 0, 
983, 0.0842194, 7660, 0, 
984, 0.0843044, 7662, 0, 
985, 0.0849653, 7465, 0, 
986, 0.0843935, 7664, 0, 
987, 0.0841899, 7652, 0, 
988, 0.0842433, 7641, 0, 
989, 0.0843936, 7646, 0, 
990, 0.0844776, 7658, 0, 
991, 0.0860543, 7162, 0, 
992, 0.0850207, 7667, 0, 
993, 0.0850469, 7653, 0, 
994, 0.0852446, 7698, 0, 
995, 0.0849489, 7712, 0, 
996, 0.0864063, 7735, 0, 
997, 0.0861548, 8092, 0, 
998, 0.0852542, 7734, 0, 
999, 0.085557, 7776, 0, 
1000, 0.0852242, 7761, 0, 
1001, 0.0851079, 7884, 0, 
1002, 0.0852354, 7770, 0, 
1003, 0.084668, 7760, 0, 
1004, 0.0846588, 7746, 0, 
1005, 0.084404, 7746, 0, 
1006, 0.0846951, 7757, 0, 
1007, 0.0845447, 7743, 0, 
1008, 0.0841626, 7711, 0, 
1009, 0.0842437, 7718, 0, 
1010, 0.0841265, 7705, 0, 
1011, 0.0841995, 7706, 0, 
1012, 0.0844082, 7716, 0, 
1013, 0.0847801, 7724, 0, 
1014, 0.0855116, 7742, 0, 
1015, 0.0861652, 7768, 0, 
1016, 0.0862623, 7772, 0, 
1017, 0.0867622, 7784, 0, 
1018, 0.087201, 7798, 0, 
1019, 0.0879675, 7841, 0, 
1020, 0.0891252, 7874, 0, 
1021, 0.0903438, 7915, 0, 
1022, 0.0915596, 7957, 0, 
1023, 0.0931641, 7997, 0, 
1024, 0.0941326, 8056, 0, 
1025, 0.0950286, 8247, 0, 
1026, 0.0952352, 8303, 0, 
1027, 0.0959775, 7857, 0, 
1028, 0.0972333, 8545, 0, 
1029, 0.0966523, 8016, 0, 
1030, 0.0966728, 8132, 0, 
1031, 0.0968588, 7743, 0, 
1032, 0.0971017, 7307, 0, 
1033, 0.0971523, 7329, 0, 
1034, 0.0974859, 8207, 0, 
1035, 0.097373, 7767, 0, 
1036, 0.097361, 7754, 0, 
1037, 0.0972862, 7652, 0, 
1038, 0.0975714, 7622, 0, 
1039, 0.0955131, 7602, 0, 
1040, 0.0976526, 7983, 0, 
1041, 0.0995214, 8677, 0, 
1042, 0.0966876, 8484, 0, 
1043, 0.0948828, 7995, 0, 
1044, 0.0934066, 7335, 0, 
1045, 0.0930838, 7642, 0, 
1046, 0.0931333, 8098, 0, 
1047, 0.0938677, 8213, 0, 
1048, 0.0936333, 7692, 0, 
1049, 0.0925599, 7706, 0, 
1050, 0.0912494, 7415, 0, 
1051, 0.0909537, 7706, 0, 
1052, 0.0908075, 7705, 0, 
1053, 0.0909791, 7703, 0, 
1054, 0.091098, 7404, 0, 
1055, 0.0908302, 7526, 0, 
1056, 0.0900546, 7519, 0, 
1057, 0.0895228, 7522, 0, 
1058, 0.0890206, 7890, 0, 
1059, 0.0889362, 7903, 0, 
1060, 0.0882234, 7326, 0, 
1061, 0.0877683, 7335, 0, 
1062, 0.0875916, 7107, 0, 
1063, 0.0876869, 8093, 0, 
1064, 0.0874525, 7840, 0, 
1065, 0.0877663, 8100, 0, 
1066, 0.0877248, 8019, 0, 
1067, 0.0873593, 8152, 0, 
1068, 0.0864311, 7854, 0, 
1069, 0.086092, 8153, 0, 
1070, 0.0860386, 8132, 0, 
1071, 0.0851836, 8211, 0, 
1072, 0.0846595, 8365, 0, 
1073, 0.0837461, 8092, 0, 
1074, 0.0840979, 8525, 0, 
1075, 0.0827947, 7814, 0, 
1076, 0.0822867, 7803, 0, 
1077, 0.0818676, 8091, 0, 
1078, 0.0814229, 8092, 0, 
1079, 0.0809389, 7738, 0, 
1080, 0.0803231, 7439, 0, 
1081, 0.0800152, 7464, 0, 
1082, 0.0792621, 7441, 0, 
1083, 0.0800336, 7929, 0, 
1084, 0.0801057, 7823, 0, 
1085, 0.0799806, 7500, 0, 
1086, 0.0803763, 7531, 0, 
1087, 0.0805854, 7571, 0, 
1088, 0.0807816, 7574, 0, 
1089, 0.0808639, 7589, 0, 
1090, 0.0811147, 7606, 0, 
1091, 0.0811043, 7608, 0, 
1092, 0.0817423, 7624, 0, 
1093, 0.0823423, 7227, 0, 
1094, 0.0830112, 7247, 0, 
1095, 0.0829539, 7294, 0, 
1096, 0.0831602, 7703, 0, 
1097, 0.0830086, 7728, 0, 
1098, 0.0834083, 7759, 0, 
1099, 0.0831391, 7763, 0, 
1100, 0.083298, 7777, 0, 
1101, 0.0839962, 7841, 0, 
1102, 0.0845459, 7912, 0, 
1103, 0.0851797, 7934, 0, 
1104, 0.0850694, 7809, 0, 
1105, 0.0859979, 7967, 0, 
1106, 0.0861293, 7668, 0, 
1107, 0.0858969, 7673, 0, 
1108, 0.0861119, 7705, 0, 
1109, 0.0860296, 7730, 0, 
1110, 0.0859251, 7703, 0, 
1111, 0.0856506, 7752, 0, 
1112, 0.0852359, 8074, 0, 
1113, 0.0849521, 8079, 0, 
1114, 0.084693, 8050, 0, 
1115, 0.0848666, 8344, 0, 
1116, 0.0851169, 8366, 0, 
1117, 0.0854275, 8404, 0, 
1118, 0.0873086, 7031, 0, 
1119, 0.0865199, 8548, 0, 
1120, 0.088031, 7067, 0, 
1121, 0.0869909, 7885, 0, 
1122, 0.0884168, 7087, 0, 
1123, 0.0872512, 6844, 0, 
1124, 0.0863316, 7875, 0, 
1125, 0.0863917, 8568, 0, 
1126, 0.0867144, 8004, 0, 
1127, 0.0867547, 7037, 0, 
1128, 0.0881291, 7137, 0, 
1129, 0.0867462, 7037, 0, 
1130, 0.0869186, 7014, 0, 
1131, 0.0911064, 7852, 0, 
1132, 0.0903446, 7806, 0, 
1133, 0.0894924, 8272, 0, 
1134, 0.0888841, 7631, 0, 
1135, 0.0877998, 7554, 0, 
1136, 0.0883783, 7224, 0, 
1137, 0.0884559, 7234, 0, 
1138, 0.0869438, 6869, 0, 
1139, 0.0870763, 6912, 0, 
1140, 0.0863545, 5873, 0, 
1141, 0.0867929, 5836, 0, 
1142, 0.0884542, 7542, 0, 
1143, 0.0852297, 5358, 0, 
1144, 0.0831215, 5860, 0, 
1145, 0.0832595, 5609, 0, 
1146, 0.084295, 5625, 0, 
1147, 0.0858145, 5546, 0, 
1148, 0.0845057, 6439, 0, 
1149, 0.0854756, 6665, 0, 
1150, 0.0853004, 6375, 0, 
1151, 0.0862272, 7923, 0, 
1152, 0.089747, 7472, 0, 
1153, 0.0874405, 7460, 0, 
1154, 0.0854105, 7269, 0, 
1155, 0.0871973, 7360, 0, 
1156, 0.0880562, 7810, 0, 
1157, 0.0897908, 7660, 0, 
1158, 0.0861732, 7831, 0, 
1159, 0.0875669, 7902, 0, 
1160, 0.0861993, 6638, 0, 
1161, 0.0850613, 7822, 0, 
1162, 0.0854287, 7610, 0, 
1163, 0.0848302, 7834, 0, 
1164, 0.0853547, 7861, 0, 
1165, 0.0855027, 7650, 0, 
1166, 0.0843953, 7842, 0, 
1167, 0.0843861, 7843, 0, 
1168, 0.0840189, 7831, 0, 
1169, 0.083537, 7824, 0, 
1170, 0.0830237, 7816, 0, 
1171, 0.0829432, 7881, 0, 
1172, 0.0825761, 7872, 0, 
1173, 0.0821045, 7866, 0, 
1174, 0.0824427, 7920, 0, 
1175, 0.0827051, 7972, 0, 
1176, 0.0831582, 8042, 0, 
1177, 0.0841426, 8121, 0, 
1178, 0.0844436, 8163, 0, 
1179, 0.0843868, 8391, 0, 
1180, 0.0846074, 8169, 0, 
1181, 0.0850842, 8233, 0, 
1182, 0.0854278, 8246, 0, 
1183, 0.0857281, 8266, 0, 
1184, 0.0858859, 8271, 0, 
1185, 0.0854793, 8282, 0, 
1186, 0.0854172, 8319, 0, 
1187, 0.0853214, 8309, 0, 
1188, 0.0853496, 8318, 0, 
1189, 0.0851912, 8306, 0, 
1190, 0.0848297, 8280, 0, 
1191, 0.0843914, 8248, 0, 
1192, 0.0836044, 8230, 0, 
1193, 0.0832054, 8201, 0, 
1194, 0.0828688, 8239, 0, 
1195, 0.0830467, 8222, 0, 
1196, 0.0848362, 9745, 0, 
1197, 0.0818548, 8121, 0, 
1198, 0.081165, 8229, 0, 
1199, 0.0815866, 8237, 0, 
1200, 0.0836872, 7684, 0, 
1201, 0.0827253, 9686, 0, 
1202, 0.083228, 7683, 0, 
1203, 0.0816463, 7684, 0, 
1204, 0.0826465, 8261, 0, 
1205, 0.0814341, 7694, 0, 
1206, 0.0823028, 7602, 0, 
1207, 0.0814657, 7602, 0, 
1208, 0.0823897, 7726, 0, 
1209, 0.0817284, 8300, 0, 
1210, 0.0822598, 8313, 0, 
1211, 0.0823052, 8326, 0, 
1212, 0.0823127, 8353, 0, 
1213, 0.0828624, 8353, 0, 
1214, 0.0841789, 8352, 0, 
1215, 0.0842811, 8355, 0, 
1216, 0.084231, 8342, 0, 
1217, 0.0838182, 8246, 0, 
1218, 0.0831893, 8226, 0, 
1219, 0.0822234, 8192, 0, 
1220, 0.0821823, 8189, 0, 
1221, 0.0823068, 8162, 0, 
1222, 0.0824274, 8175, 0, 
1223, 0.0824023, 8154, 0, 
1224, 0.0822424, 8155, 0, 
1225, 0.0821084, 8132, 0, 
1226, 0.0822233, 8143, 0, 
1227, 0.0821971, 8142, 0, 
1228, 0.082324, 8133, 0, 
1229, 0.0827015, 8149, 0, 
1230, 0.0829147, 8152, 0, 
1231, 0.0839998, 8162, 0, 
1232, 0.0834768, 8157, 0, 
1233, 0.0837904, 8161, 0, 
1234, 0.0837614, 8177, 0, 
1235, 0.0844217, 8222, 0, 
1236, 0.0841724, 8220, 0, 
1237, 0.0846763, 8254, 0, 
1238, 0.0847997, 8291, 0, 
1239, 0.0847663, 8290, 0, 
1240, 0.0847251, 8276, 0, 
1241, 0.084907, 8286, 0, 
1242, 0.0847617, 8277, 0, 
1243, 0.0848952, 8272, 0, 
1244, 0.0850165, 8271, 0, 
1245, 0.0849393, 8265, 0, 
1246, 0.0848912, 8249, 0, 
1247, 0.0852174, 8259, 0, 
1248, 0.0852081, 8254, 0, 
1249, 0.0851069, 8263, 0, 
1250, 0.0851877, 8254, 0, 
1251, 0.0851108, 8241, 0, 
1252, 0.0850442, 8229, 0, 
1253, 0.0847078, 8219, 0, 
1254, 0.0839428, 8181, 0, 
1255, 0.0844998, 8199, 0, 
1256, 0.0854488, 8221, 0, 
1257, 0.0884988, 8359, 0, 
1258, 0.0902595, 8471, 0, 
1259, 0.0900862, 8490, 0, 
1260, 0.0896551, 8498, 0, 
1261, 0.0890937, 8483, 0, 
1262, 0.0879561, 7498, 0, 
1263, 0.0875944, 7449, 0, 
1264, 0.0892898, 7170, 0, 
1265, 0.0910552, 7430, 0, 
1266, 0.0900617, 6577, 0, 
1267, 0.0898653, 6611, 0, 
1268, 0.0899106, 6676, 0, 
1269, 0.0897395, 6741, 0, 
1270, 0.0885345, 6749, 0, 
1271, 0.0878031, 6491, 0, 
1272, 0.0875937, 6425, 0, 
1273, 0.0878845, 6499, 0, 
1274, 0.0890524, 6493, 0, 
1275, 0.0911093, 7507, 0, 
1276, 0.0957026, 9138, 0, 
1277, 0.0984195, 8125, 0, 
1278, 0.102555, 6609, 0, 
1279, 0.104657, 6485, 0, 
1280, 0.104373, 6673, 0, 
1281, 0.102305, 6851, 0, 
1282, 0.10298, 5769, 0, 
1283, 0.107919, 8820, 0, 
1284, 0.108995, 7178, 0, 
1285, 0.106277, 5788, 0, 
1286, 0.105337, 5350, 0, 
1287, 0.10718, 5808, 0, 
1288, 0.107079, 6691, 0, 
1289, 0.107161, 6107, 0, 
1290, 0.108091, 5864, 0, 
1291, 0.111625, 6603, 0, 
1292, 0.106917, 6622, 0, 
1293, 0.105938, 6729, 0, 
1294, 0.105075, 6684, 0, 
1295, 0.104446, 7045, 0, 
1296, 0.104212, 7138, 0, 
1297, 0.104359, 7278, 0, 
1298, 0.105557, 7398, 0, 
1299, 0.107584, 6445, 0, 
1300, 0.129847, 7866, 0, 
1301, 0.103922, 6405, 0, 
1302, 0.102498, 7918, 0, 
1303, 0.100617, 6407, 0, 
1304, 0.098731, 6375, 0, 
1305, 0.101036, 7987, 0, 
1306, 0.119262, 10520, 0, 
1307, 0.0978977, 7785, 0, 
1308, 0.0956476, 7752, 0, 
1309, 0.0948896, 7747, 0, 
1310, 0.0958675, 7850, 0, 
1311, 0.0949237, 8193, 0, 
1312, 0.093078, 6895, 0, 
1313, 0.0913666, 6756, 0, 
1314, 0.090412, 7585, 0, 
1315, 0.0898775, 7459, 0, 
1316, 0.0882985, 7314, 0, 
1317, 0.087606, 6813, 0, 
1318, 0.0873652, 6775, 0, 
1319, 0.0881044, 6719, 0, 
1320, 0.0868353, 6713, 0, 
1321, 0.0863857, 6673, 0, 
1322, 0.0861972, 6902, 0, 
1323, 0.0864269, 6884, 0, 
1324, 0.0868125, 6845, 0, 
1325, 0.0868456, 6473, 0, 
1326, 0.0872797, 6484, 0, 
1327, 0.0877253, 6465, 0, 
1328, 0.0885534, 6483, 0, 
1329, 0.0970897, 6948, 0, 
1330, 0.0893157, 6550, 0, 
1331, 0.0958291, 7017, 0, 
1332, 0.0897473, 6176, 0, 
1333, 0.0954168, 6648, 0, 
1334, 0.0904005, 6196, 0, 
1335, 0.0928594, 6655, 0, 
1336, 0.0906127, 6506, 0, 
1337, 0.0923503, 6952, 0, 
1338, 0.0908321, 6585, 0, 
1339, 0.0921244, 6607, 0, 
1340, 0.0905582, 6533, 0, 
1341, 0.0909569, 6535, 0, 
1342, 0.0898866, 6530, 0, 
1343, 0.0902907, 6718, 0, 
1344, 0.0902997, 6743, 0, 
1345, 0.0905007, 6682, 0, 
1346, 0.0904266, 6493, 0, 
1347, 0.0918431, 6546, 0, 
1348, 0.0905831, 6520, 0, 
1349, 0.0911014, 6775, 0, 
1350, 0.0917908, 6843, 0, 
1351, 0.095293, 7026, 0, 
1352, 0.0911257, 6628, 0, 
1353, 0.0944642, 6810, 0, 
1354, 0.091796, 6594, 0, 
1355, 0.0937968, 6811, 0, 
1356, 0.0928325, 6630, 0, 
1357, 0.0946443, 6765, 0, 
1358, 0.0924716, 6553, 0, 
1359, 0.0941512, 6718, 0, 
1360, 0.0929216, 6577, 0, 
1361, 0.0944809, 6699, 0, 
1362, 0.0932369, 6527, 0, 
1363, 0.0941078, 6731, 0, 
1364, 0.0931646, 6625, 0, 
1365, 0.0939351, 6694, 0, 
1366, 0.0931444, 6597, 0, 
1367, 0.0936339, 6674, 0, 
1368, 0.0929105, 6587, 0, 
1369, 0.0932475, 6647, 0, 
1370, 0.0925449, 6557, 0, 
1371, 0.0928364, 6621, 0, 
1372, 0.0925775, 6555, 0, 
1373, 0.092582, 6553, 0, 
1374, 0.0924117, 6525, 0, 
1375, 0.0924066, 6534, 0, 
1376, 0.092491, 6289, 0, 
1377, 0.0925702, 6288, 0, 
1378, 0.0926093, 6512, 0, 
1379, 0.0927478, 6511, 0, 
1380, 0.0928627, 6509, 0, 
1381, 0.092997, 6492, 0, 
1382, 0.0930894, 6490, 0, 
1383, 0.0930338, 6518, 0, 
1384, 0.0928181, 6527, 0, 
1385, 0.0928162, 6493, 0, 
1386, 0.0929545, 6480, 0, 
1387, 0.0930098, 6480, 0, 
1388, 0.0930779, 6528, 0, 
1389, 0.0931057, 6539, 0, 
1390, 0.0930463, 6536, 0, 
1391, 0.0931958, 6540, 0, 
1392, 0.0941261, 6635, 0, 
1393, 0.094412, 6640, 0, 
1394, 0.0934538, 6621, 0, 
1395, 0.093068, 6553, 0, 
1396, 0.0933248, 6633, 0, 
1397, 0.0932079, 6643, 0, 
1398, 0.122323, 11343, 0, 
1399, 0.121925, 11413, 0, 
1400, 0.119602, 11324, 0, 
1401, 0.11584, 11378, 0, 
1402, 0.117162, 11378, 0, 
1403, 0.139827, 16542, 0, 
1404, 0.117074, 14237, 0, 
1405, 0.124221, 14191, 0, 
1406, 0.105065, 9188, 0, 
1407, 0.0995299, 8747, 0, 
1408, 0.106942, 11262, 0, 
1409, 0.0991004, 8909, 0, 
1410, 0.0957761, 6687, 0, 
1411, 0.0969625, 6645, 0, 
1412, 0.0947955, 6555, 0, 
1413, 0.0952588, 6555, 0, 
1414, 0.0964414, 6708, 0, 
1415, 0.0954668, 8856, 0, 
1416, 0.0955457, 6721, 0, 
1417, 0.0955141, 6720, 0, 
1418, 0.096231, 6725, 0, 
1419, 0.0955459, 6628, 0, 
1420, 0.0949219, 6658, 0, 
1421, 0.0948603, 6674, 0, 
1422, 0.0948948, 6703, 0, 
1423, 0.0947395, 6736, 0, 
1424, 0.0944327, 6718, 0, 
1425, 0.0941012, 6756, 0, 
1426, 0.0944416, 6673, 0, 
1427, 0.0945226, 6803, 0, 
1428, 0.0945302, 6791, 0, 
1429, 0.0945613, 6804, 0, 
1430, 0.0946966, 6830, 0, 
1431, 0.0948558, 6844, 0, 
1432, 0.0947738, 6876, 0, 
1433, 0.0947769, 6865, 0, 
1434, 0.0946679, 6852, 0, 
1435, 0.0947312, 6859, 0, 
1436, 0.107845, 9748, 0, 
1437, 0.0945467, 6840, 0, 
1438, 0.103678, 9740, 0, 
1439, 0.0944183, 6842, 0, 
1440, 0.102472, 6854, 0, 
1441, 0.094249, 6829, 0, 
1442, 0.101414, 6826, 0, 
1443, 0.0940166, 6812, 0, 
1444, 0.100089, 6877, 0, 
1445, 0.0958746, 6936, 0, 
1446, 0.135715, 9702, 0, 
1447, 0.095527, 6836, 0, 
1448, 0.132905, 9696, 0, 
1449, 0.0947542, 6787, 0, 
1450, 0.128284, 9601, 0, 
1451, 0.0957242, 6947, 0, 
1452, 0.126765, 9593, 0, 
1453, 0.0957258, 6943, 0, 
1454, 0.123691, 9582, 0, 
1455, 0.0947617, 6931, 0, 
1456, 0.120079, 9696, 0, 
1457, 0.0938129, 6834, 0, 
1458, 0.113907, 9559, 0, 
1459, 0.0932703, 6541, 0, 
1460, 0.107564, 9417, 0, 
1461, 0.0929588, 6529, 0, 
1462, 0.102103, 6524, 0, 
1463, 0.0932132, 6514, 0, 
1464, 0.100943, 6520, 0, 
1465, 0.0935467, 6515, 0, 
1466, 0.0982671, 6528, 0, 
1467, 0.0936367, 6525, 0, 
1468, 0.0978472, 6522, 0, 
1469, 0.093796, 6628, 0, 
1470, 0.0957808, 6628, 0, 
1471, 0.0938125, 6728, 0, 
1472, 0.0947571, 6718, 0, 
1473, 0.0936989, 6713, 0, 
1474, 0.0945313, 6713, 0, 
1475, 0.0937091, 6709, 0, 
1476, 0.0945362, 6610, 0, 
1477, 0.0940457, 6704, 0, 
1478, 0.0945796, 6705, 0, 
1479, 0.0939081, 6702, 0, 
1480, 0.0942677, 6699, 0, 
1481, 0.0938726, 6699, 0, 
1482, 0.0944069, 6698, 0, 
1483, 0.0940671, 6701, 0, 
1484, 0.0943661, 6698, 0, 
1485, 0.0939318, 6694, 0, 
1486, 0.0942521, 6690, 0, 
1487, 0.0940011, 6686, 0, 
1488, 0.09432, 6684, 0, 
1489, 0.0940423, 6679, 0, 
1490, 0.0943083, 6677, 0, 
1491, 0.0940536, 6676, 0, 
1492, 0.0943335, 6671, 0, 
1493, 0.0940561, 6672, 0, 
1494, 0.0942168, 6673, 0, 
1495, 0.0940997, 6677, 0, 
1496, 0.0942268, 6675, 0, 
1497, 0.0941104, 6664, 0, 
1498, 0.0943939, 6657, 0, 
1499, 0.0940871, 6649, 0, 
1500, 0.0942073, 6648, 0, 
1501, 0.0939843, 6645, 0, 
1502, 0.0943655, 6640, 0, 
1503, 0.0940015, 6642, 0, 
1504, 0.094093, 6642, 0, 
1505, 0.0938942, 6643, 0, 
1506, 0.0940583, 6634, 0, 
1507, 0.0939601, 6629, 0, 
1508, 0.0940703, 6620, 0, 
1509, 0.0939901, 6613, 0, 
1510, 0.0942611, 6613, 0, 
1511, 0.0939589, 6508, 0, 
1512, 0.0939415, 6508, 0, 
1513, 0.0953208, 6508, 0, 
1514, 0.0944585, 6620, 0, 
1515, 0.0938116, 6617, 0, 
1516, 0.0940386, 6507, 0, 
1517, 0.0937941, 6511, 0, 
1518, 0.0940253, 6511, 0, 
1519, 0.0938936, 6503, 0, 
1520, 0.094076, 6500, 0, 
1521, 0.0939297, 6502, 0, 
1522, 0.0941234, 6499, 0, 
1523, 0.0940823, 6492, 0, 
1524, 0.094355, 6494, 0, 
1525, 0.094121, 6490, 0, 
1526, 0.0942994, 6490, 0, 
1527, 0.0941784, 6489, 0, 
1528, 0.0943899, 6481, 0, 
1529, 0.0944109, 6488, 0, 
1530, 0.0945434, 6483, 0, 
1531, 0.0944576, 6484, 0, 
1532, 0.0945913, 6478, 0, 
1533, 0.094541, 6475, 0, 
1534, 0.0941875, 6476, 0, 
1535, 0.094627, 6484, 0, 
1536, 0.093617, 6204, 0, 
1537, 0.0946733, 6554, 0, 
1538, 0.0933854, 6258, 0, 
1539, 0.097181, 6674, 0, 
1540, 0.0936991, 6520, 0, 
1541, 0.0936571, 6540, 0, 
1542, 0.0991399, 6695, 0, 
1543, 0.0992672, 6662, 0, 
1544, 0.0939705, 6150, 0, 
1545, 0.093542, 6245, 0, 
1546, 0.0934811, 6250, 0, 
1547, 0.0965061, 6689, 0, 
1548, 0.0941644, 6390, 0, 
1549, 0.0974872, 6686, 0, 
1550, 0.0933154, 6260, 0, 
1551, 0.0980959, 6669, 0, 
1552, 0.0935468, 6251, 0, 
1553, 0.0986365, 6674, 0, 
1554, 0.0945295, 6407, 0, 
1555, 0.0986878, 6674, 0, 
1556, 0.0954485, 6541, 0, 
1557, 0.0965337, 6521, 0, 
1558, 0.0946976, 6360, 0, 
1559, 0.0948678, 6498, 0, 
1560, 0.0945376, 6339, 0, 
1561, 0.0941535, 6330, 0, 
1562, 0.0944283, 6302, 0, 
1563, 0.0947356, 6294, 0, 
1564, 0.0946396, 6269, 0, 
1565, 0.0939961, 6262, 0, 
1566, 0.0941451, 6254, 0, 
1567, 0.0938246, 6239, 0, 
1568, 0.0936672, 6147, 0, 
1569, 0.0933284, 6173, 0, 
1570, 0.0932368, 6181, 0, 
1571, 0.093685, 6267, 0, 
1572, 0.0956559, 6328, 0, 
1573, 0.0960962, 6376, 0, 
1574, 0.093036, 6300, 0, 
1575, 0.0937289, 6270, 0, 
1576, 0.093716, 6284, 0, 
1577, 0.0942347, 6406, 0, 
1578, 0.0944996, 6431, 0, 
1579, 0.0944093, 6458, 0, 
1580, 0.096518, 6556, 0, 
1581, 0.0962352, 6573, 0, 
1582, 0.0960027, 6597, 0, 
1583, 0.0956116, 6621, 0, 
1584, 0.0948918, 6579, 0, 
1585, 0.0940655, 6575, 0, 
1586, 0.0933086, 6551, 0, 
1587, 0.0931423, 6484, 0, 
1588, 0.09231, 6508, 0, 
1589, 0.0926308, 6467, 0, 
1590, 0.0919104, 6409, 0, 
1591, 0.0919121, 6413, 0, 
1592, 0.0913931, 6541, 0, 
1593, 0.0915169, 6529, 0, 
1594, 0.0911617, 6568, 0, 
1595, 0.0913107, 6574, 0, 
1596, 0.0911279, 6444, 0, 
1597, 0.0911146, 6460, 0, 
1598, 0.0907687, 6454, 0, 
1599, 0.0906049, 6435, 0, 
1600, 0.0903927, 6434, 0, 
1601, 0.0901234, 6264, 0, 
1602, 0.0897911, 6274, 0, 
1603, 0.089573, 6333, 0, 
1604, 0.0898291, 6320, 0, 
1605, 0.0895571, 6308, 0, 
1606, 0.0892015, 6295, 0, 
1607, 0.0890776, 6320, 0, 
1608, 0.0888109, 6314, 0, 
1609, 0.0886203, 6267, 0, 
1610, 0.0887785, 6282, 0, 
1611, 0.0886399, 6282, 0, 
1612, 0.0887069, 6351, 0, 
1613, 0.0883682, 6282, 0, 
1614, 0.088015, 6317, 0, 
1615, 0.0883563, 6306, 0, 
1616, 0.0881059, 6339, 0, 
1617, 0.0880162, 6283, 0, 
1618, 0.0882113, 6338, 0, 
1619, 0.0882863, 6311, 0, 
1620, 0.0884279, 6352, 0, 
1621, 0.0882919, 6310, 0, 
1622, 0.0880347, 6302, 0, 
1623, 0.0880548, 6305, 0, 
1624, 0.0883468, 6327, 0, 
1625, 0.0882286, 6325, 0, 
1626, 0.0886004, 6337, 0, 
1627, 0.0884412, 6315, 0, 
1628, 0.0885929, 6162, 0, 
1629, 0.0886975, 6152, 0, 
1630, 0.0886522, 6321, 0, 
1631, 0.0890217, 6311, 0, 
1632, 0.0887587, 6156, 0, 
1633, 0.0887319, 6166, 0, 
1634, 0.0883044, 6050, 0, 
1635, 0.0882303, 6055, 0, 
1636, 0.0883985, 6071, 0, 
1637, 0.0882949, 6081, 0, 
1638, 0.088302, 6090, 0, 
1639, 0.0879908, 6085, 0, 
1640, 0.0880746, 6093, 0, 
1641, 0.0881272, 6249, 0, 
1642, 0.0881181, 6250, 0, 
1643, 0.0876725, 6076, 0, 
1644, 0.0878795, 6242, 0, 
1645, 0.0877117, 6246, 0, 
1646, 0.0875626, 6075, 0, 
1647, 0.0876364, 6073, 0, 
1648, 0.0880077, 6075, 0, 
1649, 0.0885273, 6106, 0, 
1650, 0.0887043, 6120, 0, 
1651, 0.0887342, 6125, 0, 
1652, 0.0888709, 6309, 0, 
1653, 0.0890825, 6343, 0, 
1654, 0.089695, 6395, 0, 
1655, 0.0901788, 6580, 0, 
1656, 0.0905931, 6597, 0, 
1657, 0.0906962, 6591, 0, 
1658, 0.0910689, 6579, 0, 
1659, 0.0909677, 6570, 0, 
1660, 0.0913386, 6579, 0, 
1661, 0.0915041, 6587, 0, 
1662, 0.0915658, 6598, 0, 
1663, 0.0913885, 6606, 0, 
1664, 0.0914289, 6613, 0, 
1665, 0.0914733, 6632, 0, 
1666, 0.0914478, 6632, 0, 
1667, 0.091397, 6601, 0, 
1668, 0.091511, 6581, 0, 
1669, 0.0917646, 6842, 0, 
1670, 0.0919112, 6835, 0, 
1671, 0.0925151, 6171, 0, 
1672, 0.0914764, 6433, 0, 
1673, 0.0925706, 6134, 0, 
1674, 0.0920842, 6166, 0, 
1675, 0.0922973, 6132, 0, 
1676, 0.0918775, 5999, 0, 
1677, 0.0923459, 6194, 0, 
1678, 0.0921602, 6035, 0, 
1679, 0.0917022, 6191, 0, 
1680, 0.0919348, 6190, 0, 
1681, 0.0918361, 6243, 0, 
1682, 0.0920641, 6210, 0, 
1683, 0.0917172, 6204, 0, 
1684, 0.0916131, 6202, 0, 
1685, 0.0914094, 6183, 0, 
1686, 0.0915316, 6191, 0, 
1687, 0.0916678, 6211, 0, 
1688, 0.0915867, 6226, 0, 
1689, 0.0916938, 6220, 0, 
1690, 0.0916551, 6212, 0, 
1691, 0.0916785, 6191, 0, 
1692, 0.0916111, 6192, 0, 
1693, 0.0916093, 6189, 0, 
1694, 0.0919377, 6189, 0, 
1695, 0.0913984, 6147, 0, 
1696, 0.0918232, 6150, 0, 
1697, 0.0914228, 6150, 0, 
1698, 0.0914571, 6153, 0, 
1699, 0.0911953, 6152, 0, 
1700, 0.0912672, 6188, 0, 
1701, 0.090913, 6190, 0, 
1702, 0.0908363, 6155, 0, 
1703, 0.090735, 6154, 0, 
1704, 0.0909303, 6190, 0, 
1705, 0.0907127, 6185, 0, 
1706, 0.0905865, 6190, 0, 
1707, 0.0902787, 6194, 0, 
1708, 0.0900783, 6155, 0, 
1709, 0.0895012, 6141, 0, 
1710, 0.0892183, 7910, 0, 
1711, 0.0884929, 7866, 0, 
1712, 0.0877122, 8057, 0, 
1713, 0.127575, 10483, 0, 
1714, 0.0864836, 8031, 0, 
1715, 0.123788, 10444, 0, 
1716, 0.0853325, 8001, 0, 
1717, 0.120334, 10263, 0, 
1718, 0.0844886, 7867, 0, 
1719, 0.11405, 10437, 0, 
1720, 0.0838666, 7864, 0, 
1721, 0.111291, 9782, 0, 
1722, 0.0840776, 7526, 0, 
1723, 0.108968, 10452, 0, 
1724, 0.0838363, 7541, 0, 
1725, 0.106321, 10464, 0, 
1726, 0.0839435, 7557, 0, 
1727, 0.104097, 9853, 0, 
1728, 0.0842525, 7413, 0, 
1729, 0.103378, 9894, 0, 
1730, 0.0846005, 7450, 0, 
1731, 0.101292, 9927, 0, 
1732, 0.0847096, 5773, 0, 
1733, 0.100844, 8861, 0, 
1734, 0.0848442, 6379, 0, 
1735, 0.0990357, 10398, 0, 
1736, 0.084309, 7639, 0, 
1737, 0.0960208, 9862, 0, 
1738, 0.0859344, 7951, 0, 
1739, 0.095867, 10056, 0, 
1740, 0.0856324, 8114, 0, 
1741, 0.0955383, 10136, 0, 
1742, 0.085245, 7875, 0, 
1743, 0.0946773, 10373, 0, 
1744, 0.0848581, 7715, 0, 
1745, 0.0929926, 10183, 0, 
1746, 0.0845807, 7407, 0, 
1747, 0.0913607, 7571, 0, 
1748, 0.0843301, 7412, 0, 
1749, 0.0904511, 7415, 0, 
1750, 0.0833565, 7418, 0, 
1751, 0.089115, 7541, 0, 
1752, 0.0833649, 7548, 0, 
1753, 0.08897, 7953, 0, 
1754, 0.0832908, 7955, 0, 
1755, 0.112605, 7594, 0, 
1756, 0.0840222, 7957, 0, 
1757, 0.0884324, 8088, 0, 
1758, 0.0835867, 7956, 0, 
1759, 0.0875347, 7952, 0, 
1760, 0.0836415, 7959, 0, 
1761, 0.0874235, 7958, 0, 
1762, 0.0838784, 8070, 0, 
1763, 0.0871277, 7946, 0, 
1764, 0.0837804, 7967, 0, 
1765, 0.0868656, 7962, 0, 
1766, 0.0835686, 7961, 0, 
1767, 0.0872365, 7962, 0, 
1768, 0.0850547, 8264, 0, 
1769, 0.0864301, 7888, 0, 
1770, 0.0850655, 8261, 0, 
1771, 0.0891557, 8604, 0, 
1772, 0.0847822, 8256, 0, 
1773, 0.0878286, 8409, 0, 
1774, 0.0842658, 8240, 0, 
1775, 0.0864521, 7687, 0, 
1776, 0.08367, 7877, 0, 
1777, 0.0850211, 7752, 0, 
1778, 0.0863165, 7988, 0, 
1779, 0.0891542, 8002, 0, 
1780, 0.0825881, 7757, 0, 
1781, 0.0855003, 8547, 0, 
1782, 0.0825049, 7763, 0, 
1783, 0.0884186, 7997, 0, 
1784, 0.0823325, 7772, 0, 
1785, 0.084615, 7766, 0, 
1786, 0.0823806, 7774, 0, 
1787, 0.084622, 7777, 0, 
1788, 0.0825906, 7785, 0, 
1789, 0.0845762, 7787, 0, 
1790, 0.0825484, 7787, 0, 
1791, 0.08433, 7788, 0, 
1792, 0.0825666, 7794, 0, 
1793, 0.0838468, 7798, 0, 
1794, 0.0823532, 7799, 0, 
1795, 0.0834496, 7803, 0, 
1796, 0.0823467, 7804, 0, 
1797, 0.0831741, 7806, 0, 
1798, 0.0823962, 7811, 0, 
1799, 0.0830398, 7811, 0, 
1800, 0.0823766, 7810, 0, 
1801, 0.0829133, 7811, 0, 
1802, 0.0823895, 7814, 0, 
1803, 0.0828067, 7815, 0, 
1804, 0.0824129, 7819, 0, 
1805, 0.0824027, 7819, 0, 
1806, 0.0824089, 7819, 0, 
1807, 0.0823408, 7816, 0, 
1808, 0.0823065, 7818, 0, 
1809, 0.0822586, 7816, 0, 
1810, 0.0823811, 7646, 0, 
1811, 0.0837308, 7781, 0, 
1812, 0.082228, 7650, 0, 
1813, 0.0822911, 7652, 0, 
1814, 0.0841037, 7784, 0, 
1815, 0.0834021, 7783, 0, 
1816, 0.0830187, 7799, 0, 
1817, 0.0843343, 7941, 0, 
1818, 0.0827438, 7807, 0, 
1819, 0.0830281, 7807, 0, 
1820, 0.0825459, 7777, 0, 
1821, 0.0838782, 7913, 0, 
1822, 0.0829213, 7773, 0, 
1823, 0.0827126, 7777, 0, 
1824, 0.0825606, 7746, 0, 
1825, 0.0852695, 7892, 0, 
1826, 0.0847054, 7762, 0, 
1827, 0.0830096, 8138, 0, 
1828, 0.0825894, 7923, 0, 
1829, 0.0823377, 7759, 0, 
1830, 0.0822675, 7754, 0, 
1831, 0.0822098, 7753, 0, 
1832, 0.0821842, 7909, 0, 
1833, 0.0820007, 7910, 0, 
1834, 0.0819646, 7907, 0, 
1835, 0.0817669, 7903, 0, 
1836, 0.0818424, 7907, 0, 
1837, 0.0818361, 7902, 0, 
1838, 0.0818416, 7908, 0, 
1839, 0.0818638, 7894, 0, 
1840, 0.0817786, 7899, 0, 
1841, 0.0816662, 7895, 0, 
1842, 0.0817673, 7895, 0, 
1843, 0.0819562, 7899, 0, 
1844, 0.0817246, 7892, 0, 
1845, 0.0817118, 7889, 0, 
1846, 0.0817051, 7891, 0, 
1847, 0.0816349, 7887, 0, 
1848, 0.0816052, 7886, 0, 
1849, 0.0815468, 7884, 0, 
1850, 0.0813705, 7875, 0, 
1851, 0.0813964, 7879, 0, 
1852, 0.0813365, 7876, 0, 
1853, 0.0810433, 7865, 0, 
1854, 0.0809628, 7861, 0, 
1855, 0.0809196, 7855, 0, 
1856, 0.0808253, 7857, 0, 
1857, 0.080831, 7857, 0, 
1858, 0.0826405, 7190, 0, 
1859, 0.0838082, 6592, 0, 
1860, 0.0821466, 7193, 0, 
1861, 0.0809108, 7891, 0, 
1862, 0.0807398, 7897, 0, 
1863, 0.0810029, 7905, 0, 
1864, 0.0811246, 7888, 0, 
1865, 0.0813618, 7505, 0, 
1866, 0.0808808, 7881, 0, 
1867, 0.0805956, 7883, 0, 
1868, 0.0805148, 7881, 0, 
1869, 0.0805811, 7876, 0, 
1870, 0.0806224, 8190, 0, 
1871, 0.0805046, 8202, 0, 
1872, 0.0803896, 8207, 0, 
1873, 0.0802728, 8202, 0, 
1874, 0.0801338, 8195, 0, 
1875, 0.080036, 8191, 0, 
1876, 0.0799653, 8188, 0, 
1877, 0.0798912, 8190, 0, 
1878, 0.0798341, 8191, 0, 
1879, 0.0797505, 8191, 0, 
1880, 0.079702, 8191, 0, 
1881, 0.07959, 8188, 0, 
1882, 0.0794151, 8185, 0, 
1883, 0.079379, 8185, 0, 
1884, 0.079301, 8186, 0, 
1885, 0.0792464, 8187, 0, 
1886, 0.0792578, 8187, 0, 
1887, 0.0791662, 8185, 0, 
1888, 0.0791123, 8186, 0, 
1889, 0.078977, 8187, 0, 
1890, 0.0787664, 8188, 0, 
1891, 0.0788821, 8188, 0, 
1892, 0.0788958, 8187, 0, 
1893, 0.0789259, 8186, 0, 
1894, 0.0788784, 8186, 0, 
1895, 0.0789143, 8191, 0, 
1896, 0.0787831, 8189, 0, 
1897, 0.0788428, 8190, 0, 
1898, 0.0788937, 8189, 0, 
1899, 0.078935, 8189, 0, 
1900, 0.0789008, 8190, 0, 
1901, 0.0789124, 8191, 0, 
1902, 0.0789436, 8191, 0, 
1903, 0.0789103, 8188, 0, 
1904, 0.0789269, 8189, 0, 
1905, 0.0789796, 8191, 0, 
1906, 0.0790117, 8193, 0, 
1907, 0.0790468, 8195, 0, 
1908, 0.079117, 8199, 0, 
1909, 0.0791078, 8198, 0, 
1910, 0.0790702, 8198, 0, 
1911, 0.0790604, 8198, 0, 
1912, 0.0790879, 8200, 0, 
1913, 0.0790449, 8199, 0, 
1914, 0.0789771, 8196, 0, 
1915, 0.078939, 8198, 0, 
1916, 0.0787175, 8191, 0, 
1917, 0.0787196, 8190, 0, 
1918, 0.0786011, 8192, 0, 
1919, 0.0819701, 8525, 0, 
1920, 0.084437, 8433, 0, 
1921, 0.0789831, 8194, 0, 
1922, 0.0782096, 8191, 0, 
1923, 0.0781368, 8101, 0, 
1924, 0.0793333, 8280, 0, 
1925, 0.0787558, 8214, 0, 
1926, 0.0783074, 8196, 0, 
1927, 0.0781984, 8182, 0, 
1928, 0.0781403, 8191, 0, 
1929, 0.0781836, 8200, 0, 
1930, 0.0780517, 8198, 0, 
1931, 0.0780915, 8092, 0, 
1932, 0.0780539, 8095, 0, 
1933, 0.0780245, 7566, 0, 
1934, 0.0779706, 7568, 0, 
1935, 0.0779509, 7573, 0, 
1936, 0.0780103, 7589, 0, 
1937, 0.0780218, 7592, 0, 
1938, 0.0780084, 7600, 0, 
1939, 0.0779524, 7605, 0, 
1940, 0.0779066, 8135, 0, 
1941, 0.0775958, 8231, 0, 
1942, 0.0774153, 8230, 0, 
1943, 0.0773666, 8234, 0, 
1944, 0.0772479, 8237, 0, 
1945, 0.0772081, 8243, 0, 
1946, 0.0770692, 8244, 0, 
1947, 0.0771248, 9483, 0, 
1948, 0.0775875, 9458, 0, 
1949, 0.0795156, 9681, 0, 
1950, 0.0781891, 9454, 0, 
1951, 0.0785698, 9451, 0, 
1952, 0.0788783, 9451, 0, 
1953, 0.0796292, 9448, 0, 
1954, 0.0800594, 9439, 0, 
1955, 0.08029, 9427, 0, 
1956, 0.0807823, 9422, 0, 
1957, 0.0813477, 9406, 0, 
1958, 0.0820245, 9399, 0, 
1959, 0.08237, 9381, 0, 
1960, 0.0823593, 9372, 0, 
1961, 0.0824433, 9334, 0, 
1962, 0.0824908, 9282, 0, 
1963, 0.0808706, 8901, 0, 
1964, 0.0806258, 8875, 0, 
1965, 0.0801053, 8844, 0, 
1966, 0.0795337, 8827, 0, 
1967, 0.0790153, 9068, 0, 
1968, 0.0792589, 9064, 0, 
1969, 0.0788496, 9051, 0, 
1970, 0.0790476, 8762, 0, 
1971, 0.077061, 8525, 0, 
1972, 0.077916, 8831, 0, 
1973, 0.0788133, 8960, 0, 
1974, 0.0902064, 9446, 0, 
1975, 0.089772, 9498, 0, 
1976, 0.0802863, 8643, 0, 
1977, 0.0908405, 7583, 0, 
1978, 0.162959, 10569, 0, 
1979, 0.0861724, 7514, 0, 
1980, 0.0832607, 9020, 0, 
1981, 0.0906063, 9735, 0, 
1982, 0.0879123, 7496, 0, 
1983, 0.132117, 9680, 0, 
1984, 0.0960443, 8603, 0, 
1985, 0.0819237, 9247, 0, 
1986, 0.0917322, 9696, 0, 
1987, 0.0921892, 9167, 0, 
1988, 0.0816779, 8573, 0, 
1989, 0.0817046, 8563, 0, 
1990, 0.0998949, 8624, 0, 
1991, 0.0994865, 9122, 0, 
1992, 0.0931604, 9190, 0, 
1993, 0.080865, 8520, 0, 
1994, 0.0806417, 8504, 0, 
1995, 0.0990485, 9061, 0, 
1996, 0.0917417, 9632, 0, 
1997, 0.0977271, 9037, 0, 
1998, 0.0861754, 7387, 0, 
1999, 0.0861385, 7620, 0, 
2000, 0.0962879, 8500, 0, 
