1, 0.875, 0.01, 
2, 0.875, 0.01, 
1, 0.875, 0.01, 
2, 0.875, 0.01, 
3, 0.875, 0.01, 
4, 0.875, 0.01, 
5, 0.875, 0.01, 
6, 0.875, 0.01, 
7, 0.875, 0.01, 
1, 0.875, 0.01, 
2, 0.875, 0.01, 
3, 0.875, 0.01, 
4, 0.875, 0.01, 
5, 0.875, 0.01, 
6, 0.875, 0.01, 
7, 0.875, 0.01, 
8, 0.875, 0.01, 
9, 0.875, 0.01, 
10, 0.875, 0.01, 
1, 0, 0.01, 
1, 0.875, 0.01, 
2, 0.875, 0.01, 
3, 0.875, 0.01, 
4, 0.875, 0.01, 
5, 0.875, 0.01, 
6, 0.875, 0.01, 
7, 0.875, 0.01, 
8, 0.875, 0.01, 
9, 0.875, 0.01, 
10, 0.875, 0.01, 
11, 0.875, 0.01, 
12, 0.875, 0.01, 
13, 0.875, 0.01, 
14, 0.875, 0.01, 
15, 0.875, 0.01, 
16, 0.875, 0.01, 
17, 0.875, 0.01, 
18, 0.875, 0.01, 
19, 0.875, 0.01, 
20, 0.875, 0.01, 
21, 0.875, 0.01, 
22, 0.875, 0.01, 
23, 0.875, 0.01, 
24, 0.875, 0.01, 
25, 0.875, 0.01, 
26, 0.875, 0.01, 
27, 0.875, 0.01, 
28, 0.875, 0.01, 
29, 0.875, 0.01, 
30, 0.875, 0.01, 
31, 0.875, 0.01, 
32, -nan, 0.01, 
33, -nan, 0.01, 
34, -nan, 0.01, 
35, -nan, 0.01, 
36, -nan, 0.01, 
37, -nan, 0.01, 
38, -nan, 0.01, 
39, -nan, 0.01, 
40, -nan, 0.01, 
41, -nan, 0.01, 
42, -nan, 0.01, 
43, -nan, 0.01, 
44, -nan, 0.01, 
45, -nan, 0.01, 
46, -nan, 0.01, 
47, -nan, 0.01, 
48, -nan, 0.01, 
49, -nan, 0.01, 
50, -nan, 0.01, 
51, -nan, 0.01, 
52, -nan, 0.01, 
53, -nan, 0.01, 
54, -nan, 0.01, 
55, -nan, 0.01, 
56, -nan, 0.01, 
57, -nan, 0.01, 
58, -nan, 0.01, 
59, -nan, 0.01, 
60, -nan, 0.01, 
61, -nan, 0.01, 
62, -nan, 0.01, 
63, -nan, 0.01, 
64, -nan, 0.01, 
65, -nan, 0.01, 
66, -nan, 0.01, 
67, -nan, 0.01, 
68, -nan, 0.01, 
69, -nan, 0.01, 
70, -nan, 0.01, 
71, -nan, 0.01, 
72, -nan, 0.01, 
73, -nan, 0.01, 
74, -nan, 0.01, 
75, -nan, 0.01, 
76, -nan, 0.01, 
77, -nan, 0.01, 
78, -nan, 0.01, 
79, -nan, 0.01, 
80, -nan, 0.01, 
81, -nan, 0.01, 
82, -nan, 0.01, 
83, -nan, 0.01, 
84, -nan, 0.01, 
85, -nan, 0.01, 
86, -nan, 0.01, 
87, -nan, 0.01, 
88, -nan, 0.01, 
89, -nan, 0.01, 
90, -nan, 0.01, 
91, -nan, 0.01, 
92, -nan, 0.01, 
93, -nan, 0.01, 
94, -nan, 0.01, 
95, -nan, 0.01, 
96, -nan, 0.01, 
97, -nan, 0.01, 
98, -nan, 0.01, 
99, -nan, 0.01, 
100, -nan, 0.01, 
101, -nan, 0.01, 
102, -nan, 0.01, 
103, -nan, 0.01, 
104, -nan, 0.01, 
105, -nan, 0.01, 
106, -nan, 0.01, 
107, -nan, 0.01, 
108, -nan, 0.01, 
109, -nan, 0.01, 
110, -nan, 0.01, 
111, -nan, 0.01, 
112, -nan, 0.01, 
113, -nan, 0.01, 
114, -nan, 0.01, 
115, -nan, 0.01, 
116, -nan, 0.01, 
117, -nan, 0.01, 
118, -nan, 0.01, 
119, -nan, 0.01, 
120, -nan, 0.01, 
121, -nan, 0.01, 
122, -nan, 0.01, 
123, -nan, 0.01, 
124, -nan, 0.01, 
125, -nan, 0.01, 
126, -nan, 0.01, 
127, -nan, 0.01, 
128, -nan, 0.01, 
129, -nan, 0.01, 
130, -nan, 0.01, 
131, -nan, 0.01, 
132, -nan, 0.01, 
133, -nan, 0.01, 
134, -nan, 0.01, 
135, -nan, 0.01, 
136, -nan, 0.01, 
137, -nan, 0.01, 
138, -nan, 0.01, 
139, -nan, 0.01, 
140, -nan, 0.01, 
141, -nan, 0.01, 
142, -nan, 0.01, 
143, -nan, 0.01, 
144, -nan, 0.01, 
145, -nan, 0.01, 
146, -nan, 0.01, 
147, -nan, 0.01, 
148, -nan, 0.01, 
149, -nan, 0.01, 
150, -nan, 0.01, 
151, -nan, 0.01, 
152, -nan, 0.01, 
153, -nan, 0.01, 
154, -nan, 0.01, 
155, -nan, 0.01, 
156, -nan, 0.01, 
157, -nan, 0.01, 
158, -nan, 0.01, 
159, -nan, 0.01, 
160, -nan, 0.01, 
161, -nan, 0.01, 
162, -nan, 0.01, 
163, -nan, 0.01, 
164, -nan, 0.01, 
165, -nan, 0.01, 
166, -nan, 0.01, 
167, -nan, 0.01, 
168, -nan, 0.01, 
169, -nan, 0.01, 
170, -nan, 0.01, 
171, -nan, 0.01, 
172, -nan, 0.01, 
173, -nan, 0.01, 
174, -nan, 0.01, 
175, -nan, 0.01, 
176, -nan, 0.01, 
177, -nan, 0.01, 
178, -nan, 0.01, 
179, -nan, 0.01, 
180, -nan, 0.01, 
181, -nan, 0.01, 
182, -nan, 0.01, 
183, -nan, 0.01, 
184, -nan, 0.01, 
185, -nan, 0.01, 
186, -nan, 0.01, 
187, -nan, 0.01, 
188, -nan, 0.01, 
189, -nan, 0.01, 
190, -nan, 0.01, 
191, -nan, 0.01, 
192, -nan, 0.01, 
193, -nan, 0.01, 
194, -nan, 0.01, 
195, -nan, 0.01, 
196, -nan, 0.01, 
197, -nan, 0.01, 
198, -nan, 0.01, 
199, -nan, 0.01, 
200, -nan, 0.01, 
201, -nan, 0.01, 
202, -nan, 0.01, 
203, -nan, 0.01, 
204, -nan, 0.01, 
205, -nan, 0.01, 
206, -nan, 0.01, 
207, -nan, 0.01, 
208, -nan, 0.01, 
209, -nan, 0.01, 
210, -nan, 0.01, 
211, -nan, 0.01, 
212, -nan, 0.01, 
213, -nan, 0.01, 
214, -nan, 0.01, 
215, -nan, 0.01, 
216, -nan, 0.01, 
217, -nan, 0.01, 
218, -nan, 0.01, 
219, -nan, 0.01, 
220, -nan, 0.01, 
221, -nan, 0.01, 
222, -nan, 0.01, 
223, -nan, 0.01, 
224, -nan, 0.01, 
225, -nan, 0.01, 
226, -nan, 0.01, 
227, -nan, 0.01, 
228, -nan, 0.01, 
229, -nan, 0.01, 
230, -nan, 0.01, 
231, -nan, 0.01, 
232, -nan, 0.01, 
233, -nan, 0.01, 
234, -nan, 0.01, 
235, -nan, 0.01, 
236, -nan, 0.01, 
237, -nan, 0.01, 
238, -nan, 0.01, 
239, -nan, 0.01, 
240, -nan, 0.01, 
241, -nan, 0.01, 
242, -nan, 0.01, 
243, -nan, 0.01, 
244, -nan, 0.01, 
245, -nan, 0.01, 
246, -nan, 0.01, 
247, -nan, 0.01, 
248, -nan, 0.01, 
249, -nan, 0.01, 
250, -nan, 0.01, 
251, -nan, 0.01, 
252, -nan, 0.01, 
253, -nan, 0.01, 
254, -nan, 0.01, 
255, -nan, 0.01, 
256, -nan, 0.01, 
257, -nan, 0.01, 
258, -nan, 0.01, 
259, -nan, 0.01, 
260, -nan, 0.01, 
261, -nan, 0.01, 
262, -nan, 0.01, 
263, -nan, 0.01, 
264, -nan, 0.01, 
265, -nan, 0.01, 
266, -nan, 0.01, 
1, 0.875, 0.01, 
2, 0.875, 0.01, 
3, 0.875, 0.01, 
4, 0.875, 0.01, 
5, 0.875, 0.01, 
6, 0.875, 0.01, 
7, 0.875, 0.01, 
8, 0.875, 0.01, 
9, 0.875, 0.01, 
10, 0.875, 0.01, 
11, 0.875, 0.01, 
12, 0.875, 0.01, 
13, 0.875, 0.01, 
14, 0.875, 0.01, 
15, 0.875, 0.01, 
16, 0.875, 0.01, 
17, 0.875, 0.01, 
18, 0.875, 0.01, 
19, 0.875, 0.01, 
20, 0.875, 0.01, 
21, 0.875, 0.01, 
22, 0.875, 0.01, 
23, 0.875, 0.01, 
24, 0.875, 0.01, 
25, 0.875, 0.01, 
26, 0.875, 0.01, 
27, 0.875, 0.01, 
28, 0.875, 0.01, 
29, 0.875, 0.01, 
30, 0.875, 0.01, 
31, -nan, 0.01, 
32, -nan, 0.01, 
33, -nan, 0.01, 
34, -nan, 0.01, 
35, -nan, 0.01, 
36, -nan, 0.01, 
37, -nan, 0.01, 
38, -nan, 0.01, 
39, -nan, 0.01, 
40, -nan, 0.01, 
1, 0.875, 0.01, 
2, 0.875, 0.01, 
3, 0.875, 0.01, 
4, 0.875, 0.01, 
5, 0.875, 0.01, 
6, 0.875, 0.01, 
7, 0.875, 0.01, 
8, 0.875, 0.01, 
9, 0.875, 0.01, 
10, 0.875, 0.01, 
11, 0.875, 0.01, 
12, 0.875, 0.01, 
13, 0.875, 0.01, 
14, 0.875, 0.01, 
15, 0.875, 0.01, 
16, 0.875, 0.01, 
17, 0.875, 0.01, 
18, 0.875, 0.01, 
19, 0.875, 0.01, 
20, 0.875, 0.01, 
21, 0.875, 0.01, 
22, 0.875, 0.01, 
23, 0.875, 0.01, 
24, 0.875, 0.01, 
25, 0.875, 0.01, 
26, 0.875, 0.01, 
27, 0.875, 0.01, 
28, 0.875, 0.01, 
29, 0.875, 0.01, 
30, 0.875, 0.01, 
31, 0.875, 0.01, 
32, 0.875, 0.01, 
33, 0.875, 0.01, 
34, 0.875, 0.01, 
35, 0.875, 0.01, 
36, 0.875, 0.01, 
37, 0.875, 0.01, 
38, 0.875, 0.01, 
39, 0.875, 0.01, 
40, 0.875, 0.01, 
41, 0.875, 0.01, 
42, 0.875, 0.01, 
43, 0.875, 0.01, 
44, 0.875, 0.01, 
45, 0.875, 0.01, 
46, 0.875, 0.01, 
47, 0.875, 0.01, 
48, 0.875, 0.01, 
49, 0.875, 0.01, 
50, 0.875, 0.01, 
51, 0.875, 0.01, 
52, 0.875, 0.01, 
53, 0.875, 0.01, 
54, 0.875, 0.01, 
55, 0.875, 0.01, 
56, 0.875, 0.01, 
57, 0.875, 0.01, 
58, 0.875, 0.01, 
59, 0.875, 0.01, 
60, 0.875, 0.01, 
61, 0.875, 0.01, 
62, 0.875, 0.01, 
63, 0.875, 0.01, 
64, 0.875, 0.01, 
65, 0.875, 0.01, 
66, 0.875, 0.01, 
67, 0.875, 0.01, 
68, 0.875, 0.01, 
69, 0.875, 0.01, 
70, 0.875, 0.01, 
71, 0.875, 0.01, 
72, 0.875, 0.01, 
73, 0.875, 0.01, 
74, 0.875, 0.01, 
75, 0.875, 0.01, 
76, 0.875, 0.01, 
77, 0.875, 0.01, 
78, 0.875, 0.01, 
79, 0.875, 0.01, 
80, 0.875, 0.01, 
81, 0.875, 0.01, 
82, 0.875, 0.01, 
83, 0.875, 0.01, 
84, 0.875, 0.01, 
85, 0.875, 0.01, 
86, 0.875, 0.01, 
87, 0.875, 0.01, 
88, 0.875, 0.01, 
89, 0.875, 0.01, 
90, 0.875, 0.01, 
91, 0.875, 0.01, 
92, 0.875, 0.01, 
93, 0.875, 0.01, 
94, 0.875, 0.01, 
95, 0.875, 0.01, 
96, 0.875, 0.01, 
97, 0.875, 0.01, 
98, 0.875, 0.01, 
99, 0.875, 0.01, 
100, 0.875, 0.01, 
101, 0.875, 0.01, 
102, 0.875, 0.01, 
103, 0.875, 0.01, 
104, 0.875, 0.01, 
105, 0.875, 0.01, 
106, 0.875, 0.01, 
107, 0.875, 0.01, 
108, 0.875, 0.01, 
109, 0.875, 0.01, 
110, 0.875, 0.01, 
111, 0.875, 0.01, 
112, 0.875, 0.01, 
113, 0.875, 0.01, 
1, 0.875, 0.01, 
2, 0.875, 0.01, 
3, 0.875, 0.01, 
4, 0.875, 0.01, 
5, 0.875, 0.01, 
6, 0.875, 0.01, 
7, 0.875, 0.01, 
8, 0.875, 0.01, 
9, 0.875, 0.01, 
10, 0.875, 0.01, 
11, 0.875, 0.01, 
12, 0.875, 0.01, 
13, 0.875, 0.01, 
14, 0.875, 0.01, 
15, 0.875, 0.01, 
16, 0.875, 0.01, 
17, 0.875, 0.01, 
18, 0.875, 0.01, 
19, 0.875, 0.01, 
20, 0.875, 0.01, 
21, 0.875, 0.01, 
22, 0.875, 0.01, 
23, 0.875, 0.01, 
24, 0.875, 0.01, 
25, 0.875, 0.01, 
26, 0.875, 0.01, 
27, 0.875, 0.01, 
28, 0.875, 0.01, 
29, 0.875, 0.01, 
30, 0.875, 0.01, 
31, 0.875, 0.01, 
32, 0.875, 0.01, 
33, 0.875, 0.01, 
34, 0.875, 0.01, 
35, 0.875, 0.01, 
36, 0.875, 0.01, 
37, 0.875, 0.01, 
38, 0.875, 0.01, 
39, 0.875, 0.01, 
40, 0.875, 0.01, 
41, 0.875, 0.01, 
42, 0.875, 0.01, 
43, 0.875, 0.01, 
44, 0.875, 0.01, 
45, 0.875, 0.01, 
46, 0.875, 0.01, 
47, 0.875, 0.01, 
48, 0.875, 0.01, 
49, 0.875, 0.01, 
50, 0.875, 0.01, 
51, 0.875, 0.01, 
52, 0.875, 0.01, 
53, 0.875, 0.01, 
54, 0.875, 0.01, 
55, 0.875, 0.01, 
56, 0.875, 0.01, 
57, 0.875, 0.01, 
58, 0.875, 0.01, 
59, 0.875, 0.01, 
60, 0.875, 0.01, 
61, 0.875, 0.01, 
62, 0.875, 0.01, 
63, 0.875, 0.01, 
64, 0.875, 0.01, 
65, 0.875, 0.01, 
66, 0.875, 0.01, 
67, 0.875, 0.01, 
68, 0.875, 0.01, 
69, 0.875, 0.01, 
70, 0.875, 0.01, 
71, 0.875, 0.01, 
72, 0.875, 0.01, 
73, 0.875, 0.01, 
74, 0.875, 0.01, 
75, 0.875, 0.01, 
76, 0.875, 0.01, 
77, 0.875, 0.01, 
78, 0.875, 0.01, 
79, 0.875, 0.01, 
1, 0.875, 0.01, 
2, 0.875, 0.01, 
3, 0.875, 0.01, 
4, 0.875, 0.01, 
5, 0.875, 0.01, 
6, 0.875, 0.01, 
7, 0.875, 0.01, 
8, 0.875, 0.01, 
9, 0.875, 0.01, 
10, 0.875, 0.01, 
11, 0.875, 0.01, 
12, 0.875, 0.01, 
13, 0.875, 0.01, 
14, 0.875, 0.01, 
1, 0.875, 0.01, 
15, 0.874996, 0.01, 
16, 0.874833, 0.01, 
17, 0.874082, 0.01, 
18, 0.869147, 0.01, 
19, 0.779783, 0.01, 
20, 0.780115, 0.01, 
21, 0.780016, 0.01, 
22, 0.779569, 0.01, 
23, 0.777133, 0.01, 
24, 0.756203, 0.01, 
25, 0.685417, 0.01, 
26, 0.684746, 0.01, 
27, 0.682174, 0.01, 
28, 0.669949, 0.01, 
29, 0.574104, 0.01, 
30, 0.383006, 0.01, 
31, 0.301499, 0.01, 
32, 0.215852, 0.01, 
33, 0.213063, 0.01, 
34, 0.206847, 0.01, 
35, 0.116054, 0.01, 
36, 0.117271, 0.01, 
37, 0.115813, 0.01, 
38, 0.112545, 0.01, 
39, 0.11159, 0.01, 
40, 0.113269, 0.01, 
41, 0.113312, 0.01, 
42, 0.112546, 0.01, 
43, 0.113055, 0.01, 
44, 0.113651, 0.01, 
45, 0.113928, 0.01, 
46, 0.114256, 0.01, 
47, 0.1167, 0.01, 
48, 0.116236, 0.01, 
49, 0.114122, 0.01, 
50, 0.115109, 0.01, 
51, 0.116427, 0.01, 
52, 0.115157, 0.01, 
53, 0.114112, 0.01, 
54, 0.114567, 0.01, 
55, 0.115612, 0.01, 
56, 0.116878, 0.01, 
57, 0.117217, 0.01, 
58, 0.11635, 0.01, 
59, 0.116325, 0.01, 
60, 0.114573, 0.01, 
61, 0.113075, 0.01, 
62, 0.111285, 0.01, 
63, 0.11285, 0.01, 
64, 0.116586, 0.01, 
65, 0.116985, 0.01, 
66, 0.115362, 0.01, 
67, 0.114197, 0.01, 
68, 0.11222, 0.01, 
69, 0.112623, 0.01, 
70, 0.110982, 0.01, 
71, 0.110955, 0.01, 
72, 0.110427, 0.01, 
73, 0.113892, 0.01, 
74, 0.115069, 0.01, 
75, 0.115314, 0.01, 
76, 0.115114, 0.01, 
77, 0.113951, 0.01, 
78, 0.111662, 0.01, 
79, 0.113164, 0.01, 
80, 0.114651, 0.01, 
81, 0.114653, 0.01, 
82, 0.112293, 0.01, 
83, 0.114096, 0.01, 
84, 0.11487, 0.01, 
85, 0.115152, 0.01, 
86, 0.113137, 0.01, 
87, 0.112505, 0.01, 
88, 0.113563, 0.01, 
89, 0.112657, 0.01, 
90, 0.111542, 0.01, 
91, 0.113217, 0.01, 
92, 0.110248, 0.01, 
93, 0.111218, 0.01, 
94, 0.113871, 0.01, 
95, 0.112773, 0.01, 
96, 0.114315, 0.01, 
97, 0.113748, 0.01, 
98, 0.112146, 0.01, 
99, 0.113931, 0.01, 
100, 0.11201, 0.01, 
101, 0.114091, 0.01, 
102, 0.11219, 0.01, 
103, 0.110279, 0.01, 
104, 0.111856, 0.01, 
105, 0.112139, 0.01, 
106, 0.111658, 0.01, 
107, 0.112215, 0.01, 
108, 0.11284, 0.01, 
109, 0.114497, 0.01, 
110, 0.111811, 0.01, 
111, 0.112642, 0.01, 
112, 0.113937, 0.01, 
113, 0.115635, 0.01, 
114, 0.115579, 0.01, 
115, 0.114828, 0.01, 
116, 0.113665, 0.01, 
117, 0.112484, 0.01, 
118, 0.11252, 0.01, 
119, 0.11535, 0.01, 
120, 0.113376, 0.01, 
121, 0.111894, 0.01, 
122, 0.112244, 0.01, 
123, 0.112763, 0.01, 
124, 0.11463, 0.01, 
125, 0.115592, 0.01, 
126, 0.115085, 0.01, 
127, 0.11543, 0.01, 
128, 0.114812, 0.01, 
129, 0.115154, 0.01, 
130, 0.112539, 0.01, 
131, 0.113382, 0.01, 
132, 0.114976, 0.01, 
133, 0.11501, 0.01, 
134, 0.114391, 0.01, 
135, 0.112294, 0.01, 
136, 0.113321, 0.01, 
137, 0.114677, 0.01, 
138, 0.112857, 0.01, 
139, 0.114631, 0.01, 
140, 0.115242, 0.01, 
141, 0.115556, 0.01, 
142, 0.115144, 0.01, 
143, 0.115313, 0.01, 
144, 0.115218, 0.01, 
145, 0.114335, 0.01, 
146, 0.112805, 0.01, 
147, 0.110439, 0.01, 
148, 0.111834, 0.01, 
149, 0.11626, 0.01, 
150, 0.114954, 0.01, 
151, 0.115103, 0.01, 
152, 0.114367, 0.01, 
153, 0.113503, 0.01, 
154, 0.1132, 0.01, 
155, 0.114795, 0.01, 
156, 0.113873, 0.01, 
157, 0.113007, 0.01, 
158, 0.111152, 0.01, 
159, 0.112158, 0.01, 
160, 0.111003, 0.01, 
161, 0.114275, 0.01, 
162, 0.115552, 0.01, 
163, 0.115856, 0.01, 
164, 0.115952, 0.01, 
165, 0.115459, 0.01, 
166, 0.114905, 0.01, 
167, 0.115182, 0.01, 
168, 0.114492, 0.01, 
169, 0.114745, 0.01, 
170, 0.111892, 0.01, 
171, 0.109015, 0.01, 
172, 0.109913, 0.01, 
173, 0.112532, 0.01, 
174, 0.113288, 0.01, 
175, 0.113203, 0.01, 
176, 0.114663, 0.01, 
177, 0.114693, 0.01, 
178, 0.113199, 0.01, 
179, 0.112478, 0.01, 
180, 0.111452, 0.01, 
181, 0.112661, 0.01, 
182, 0.112215, 0.01, 
183, 0.112588, 0.01, 
184, 0.112969, 0.01, 
185, 0.113841, 0.01, 
186, 0.115199, 0.01, 
187, 0.115577, 0.01, 
188, 0.115051, 0.01, 
189, 0.115749, 0.01, 
190, 0.114176, 0.01, 
191, 0.113712, 0.01, 
192, 0.111369, 0.01, 
193, 0.11182, 0.01, 
194, 0.114257, 0.01, 
195, 0.115662, 0.01, 
196, 0.11523, 0.01, 
197, 0.115631, 0.01, 
198, 0.115084, 0.01, 
199, 0.115794, 0.01, 
200, 0.114265, 0.01, 
201, 0.113941, 0.01, 
202, 0.111859, 0.01, 
203, 0.112366, 0.01, 
204, 0.112564, 0.01, 
205, 0.112163, 0.01, 
206, 0.111729, 0.01, 
207, 0.112163, 0.01, 
208, 0.111801, 0.01, 
209, 0.113539, 0.01, 
210, 0.114288, 0.01, 
211, 0.113863, 0.01, 
212, 0.111837, 0.01, 
213, 0.113068, 0.01, 
214, 0.113923, 0.01, 
215, 0.112275, 0.01, 
216, 0.113111, 0.01, 
217, 0.112231, 0.01, 
218, 0.112722, 0.01, 
219, 0.112996, 0.01, 
220, 0.113521, 0.01, 
221, 0.112182, 0.01, 
222, 0.111819, 0.01, 
223, 0.112354, 0.01, 
224, 0.112479, 0.01, 
225, 0.112155, 0.01, 
226, 0.112589, 0.01, 
227, 0.112971, 0.01, 
228, 0.114592, 0.01, 
229, 0.114851, 0.01, 
230, 0.112092, 0.01, 
231, 0.11281, 0.01, 
232, 0.113343, 0.01, 
233, 0.112565, 0.01, 
234, 0.114146, 0.01, 
235, 0.111919, 0.01, 
236, 0.11183, 0.01, 
237, 0.113987, 0.01, 
238, 0.111705, 0.01, 
239, 0.110668, 0.01, 
240, 0.113169, 0.01, 
241, 0.11494, 0.01, 
242, 0.1139, 0.01, 
243, 0.112484, 0.01, 
244, 0.113909, 0.01, 
245, 0.115375, 0.01, 
246, 0.114807, 0.01, 
247, 0.114973, 0.01, 
248, 0.113895, 0.01, 
249, 0.113225, 0.01, 
250, 0.113078, 0.01, 
251, 0.114495, 0.01, 
252, 0.112803, 0.01, 
253, 0.113985, 0.01, 
254, 0.1159, 0.01, 
255, 0.115385, 0.01, 
256, 0.114854, 0.01, 
257, 0.115078, 0.01, 
258, 0.114168, 0.01, 
259, 0.113854, 0.01, 
260, 0.111276, 0.01, 
261, 0.112016, 0.01, 
262, 0.10877, 0.01, 
263, 0.109951, 0.01, 
264, 0.111933, 0.01, 
265, 0.112453, 0.01, 
266, 0.113725, 0.01, 
267, 0.112451, 0.01, 
268, 0.113669, 0.01, 
269, 0.115941, 0.01, 
270, 0.114349, 0.01, 
271, 0.113702, 0.01, 
272, 0.112204, 0.01, 
273, 0.113328, 0.01, 
274, 0.11343, 0.01, 
275, 0.11502, 0.01, 
276, 0.114314, 0.01, 
277, 0.114138, 0.01, 
278, 0.111993, 0.01, 
279, 0.1108, 0.01, 
280, 0.112498, 0.01, 
281, 0.113772, 0.01, 
282, 0.111936, 0.01, 
283, 0.112452, 0.01, 
284, 0.114058, 0.01, 
285, 0.115265, 0.01, 
286, 0.114573, 0.01, 
287, 0.114369, 0.01, 
288, 0.112384, 0.01, 
289, 0.114667, 0.01, 
290, 0.114954, 0.01, 
291, 0.115123, 0.01, 
292, 0.114417, 0.01, 
293, 0.113647, 0.01, 
294, 0.112544, 0.01, 
295, 0.113436, 0.01, 
296, 0.111276, 0.01, 
297, 0.111488, 0.01, 
298, 0.110879, 0.01, 
299, 0.11291, 0.01, 
300, 0.112531, 0.01, 
301, 0.112098, 0.01, 
302, 0.113053, 0.01, 
303, 0.111006, 0.01, 
304, 0.110044, 0.01, 
305, 0.113101, 0.01, 
306, 0.113308, 0.01, 
307, 0.112445, 0.01, 
308, 0.112962, 0.01, 
309, 0.113856, 0.01, 
310, 0.114824, 0.01, 
311, 0.114976, 0.01, 
312, 0.114315, 0.01, 
313, 0.113805, 0.01, 
314, 0.111696, 0.01, 
315, 0.109723, 0.01, 
316, 0.111983, 0.01, 
317, 0.113883, 0.01, 
318, 0.11442, 0.01, 
319, 0.114051, 0.01, 
320, 0.112897, 0.01, 
321, 0.115398, 0.01, 
322, 0.114972, 0.01, 
323, 0.114972, 0.01, 
324, 0.1144, 0.01, 
325, 0.112352, 0.01, 
326, 0.113065, 0.01, 
327, 0.114478, 0.01, 
328, 0.112451, 0.01, 
329, 0.115076, 0.01, 
330, 0.115232, 0.01, 
331, 0.115539, 0.01, 
332, 0.115173, 0.01, 
333, 0.115336, 0.01, 
334, 0.115056, 0.01, 
335, 0.113701, 0.01, 
336, 0.111706, 0.01, 
337, 0.112102, 0.01, 
338, 0.111545, 0.01, 
339, 0.112512, 0.01, 
340, 0.11068, 0.01, 
341, 0.114111, 0.01, 
342, 0.115441, 0.01, 
343, 0.115714, 0.01, 
344, 0.115726, 0.01, 
345, 0.115175, 0.01, 
346, 0.114465, 0.01, 
347, 0.11428, 0.01, 
348, 0.112388, 0.01, 
349, 0.113849, 0.01, 
350, 0.113789, 0.01, 
351, 0.112451, 0.01, 
352, 0.113816, 0.01, 
353, 0.115658, 0.01, 
354, 0.115641, 0.01, 
355, 0.11498, 0.01, 
356, 0.114004, 0.01, 
357, 0.113034, 0.01, 
358, 0.113426, 0.01, 
359, 0.116013, 0.01, 
360, 0.114568, 0.01, 
361, 0.1144, 0.01, 
362, 0.112713, 0.01, 
363, 0.113217, 0.01, 
364, 0.115274, 0.01, 
365, 0.114318, 0.01, 
366, 0.112543, 0.01, 
367, 0.112937, 0.01, 
368, 0.114265, 0.01, 
369, 0.114042, 0.01, 
370, 0.111279, 0.01, 
371, 0.111977, 0.01, 
372, 0.110996, 0.01, 
373, 0.113471, 0.01, 
374, 0.115638, 0.01, 
375, 0.11505, 0.01, 
376, 0.11434, 0.01, 
377, 0.114132, 0.01, 
378, 0.112057, 0.01, 
379, 0.111941, 0.01, 
380, 0.111774, 0.01, 
381, 0.11355, 0.01, 
382, 0.111355, 0.01, 
383, 0.111262, 0.01, 
384, 0.110765, 0.01, 
385, 0.111906, 0.01, 
386, 0.115268, 0.01, 
387, 0.115661, 0.01, 
388, 0.11515, 0.01, 
389, 0.1159, 0.01, 
390, 0.114423, 0.01, 
391, 0.11427, 0.01, 
392, 0.112739, 0.01, 
393, 0.110761, 0.01, 
394, 0.109341, 0.01, 
395, 0.109842, 0.01, 
396, 0.111732, 0.01, 
397, 0.113292, 0.01, 
398, 0.114769, 0.01, 
399, 0.115093, 0.01, 
400, 0.112528, 0.01, 
401, 0.113089, 0.01, 
402, 0.114621, 0.01, 
403, 0.11427, 0.01, 
404, 0.112738, 0.01, 
405, 0.113576, 0.01, 
406, 0.114095, 0.01, 
407, 0.113116, 0.01, 
408, 0.113848, 0.01, 
409, 0.116405, 0.01, 
410, 0.115145, 0.01, 
411, 0.115402, 0.01, 
412, 0.114987, 0.01, 
413, 0.11508, 0.01, 
414, 0.114708, 0.01, 
415, 0.113149, 0.01, 
416, 0.11055, 0.01, 
417, 0.109607, 0.01, 
418, 0.110381, 0.01, 
419, 0.113083, 0.01, 
420, 0.112814, 0.01, 
421, 0.115409, 0.01, 
422, 0.114967, 0.01, 
423, 0.115028, 0.01, 
424, 0.114619, 0.01, 
425, 0.112911, 0.01, 
426, 0.11085, 0.01, 
427, 0.111426, 0.01, 
428, 0.110033, 0.01, 
429, 0.112897, 0.01, 
430, 0.11168, 0.01, 
431, 0.112236, 0.01, 
432, 0.113364, 0.01, 
433, 0.111825, 0.01, 
434, 0.111639, 0.01, 
435, 0.110986, 0.01, 
436, 0.110094, 0.01, 
437, 0.114376, 0.01, 
438, 0.112366, 0.01, 
439, 0.114579, 0.01, 
440, 0.11482, 0.01, 
441, 0.114864, 0.01, 
442, 0.113733, 0.01, 
443, 0.112304, 0.01, 
444, 0.112771, 0.01, 
445, 0.114278, 0.01, 
446, 0.112499, 0.01, 
447, 0.11205, 0.01, 
448, 0.112965, 0.01, 
449, 0.111746, 0.01, 
450, 0.109006, 0.01, 
451, 0.111176, 0.01, 
452, 0.113268, 0.01, 
453, 0.113199, 0.01, 
454, 0.11537, 0.01, 
455, 0.114385, 0.01, 
456, 0.112541, 0.01, 
457, 0.11393, 0.01, 
458, 0.115187, 0.01, 
459, 0.115937, 0.01, 
460, 0.114446, 0.01, 
461, 0.114136, 0.01, 
462, 0.112188, 0.01, 
463, 0.113969, 0.01, 
464, 0.115125, 0.01, 
465, 0.113706, 0.01, 
466, 0.112126, 0.01, 
467, 0.113566, 0.01, 
468, 0.112585, 0.01, 
469, 0.11541, 0.01, 
470, 0.113291, 0.01, 
471, 0.111947, 0.01, 
472, 0.11156, 0.01, 
473, 0.112151, 0.01, 
474, 0.110477, 0.01, 
475, 0.113926, 0.01, 
476, 0.114677, 0.01, 
477, 0.114551, 0.01, 
478, 0.112635, 0.01, 
479, 0.114884, 0.01, 
480, 0.115234, 0.01, 
481, 0.115552, 0.01, 
482, 0.115167, 0.01, 
483, 0.115331, 0.01, 
484, 0.115142, 0.01, 
485, 0.114068, 0.01, 
486, 0.112006, 0.01, 
487, 0.11336, 0.01, 
488, 0.113683, 0.01, 
489, 0.113115, 0.01, 
490, 0.111988, 0.01, 
491, 0.112915, 0.01, 
492, 0.114667, 0.01, 
493, 0.114439, 0.01, 
494, 0.113162, 0.01, 
495, 0.112575, 0.01, 
496, 0.11362, 0.01, 
497, 0.112352, 0.01, 
498, 0.113473, 0.01, 
499, 0.115365, 0.01, 
500, 0.112973, 0.01, 
501, 0.113206, 0.01, 
502, 0.115045, 0.01, 
503, 0.115132, 0.01, 
504, 0.114678, 0.01, 
505, 0.112863, 0.01, 
506, 0.112633, 0.01, 
507, 0.114835, 0.01, 
508, 0.113559, 0.01, 
509, 0.112617, 0.01, 
510, 0.11177, 0.01, 
511, 0.113795, 0.01, 
512, 0.111592, 0.01, 
513, 0.111041, 0.01, 
514, 0.114541, 0.01, 
515, 0.115589, 0.01, 
516, 0.115126, 0.01, 
517, 0.115477, 0.01, 
518, 0.114855, 0.01, 
519, 0.115286, 0.01, 
520, 0.112922, 0.01, 
521, 0.11241, 0.01, 
522, 0.113724, 0.01, 
523, 0.112321, 0.01, 
524, 0.112368, 0.01, 
525, 0.112174, 0.01, 
526, 0.111771, 0.01, 
527, 0.112427, 0.01, 
528, 0.113382, 0.01, 
529, 0.112555, 0.01, 
530, 0.111164, 0.01, 
531, 0.111111, 0.01, 
532, 0.110152, 0.01, 
533, 0.112259, 0.01, 
534, 0.115975, 0.01, 
535, 0.115502, 0.01, 
536, 0.114989, 0.01, 
537, 0.115308, 0.01, 
538, 0.114572, 0.01, 
539, 0.114753, 0.01, 
540, 0.111897, 0.01, 
541, 0.113447, 0.01, 
542, 0.114093, 0.01, 
543, 0.112791, 0.01, 
544, 0.114639, 0.01, 
545, 0.115614, 0.01, 
546, 0.115133, 0.01, 
547, 0.115513, 0.01, 
548, 0.114924, 0.01, 
549, 0.115404, 0.01, 
550, 0.113188, 0.01, 
551, 0.112128, 0.01, 
552, 0.112165, 0.01, 
553, 0.11363, 0.01, 
554, 0.114684, 0.01, 
555, 0.112642, 0.01, 
556, 0.113956, 0.01, 
557, 0.115788, 0.01, 
558, 0.115315, 0.01, 
559, 0.116123, 0.01, 
560, 0.114744, 0.01, 
561, 0.11474, 0.01, 
562, 0.113519, 0.01, 
563, 0.112263, 0.01, 
564, 0.112307, 0.01, 
565, 0.111747, 0.01, 
566, 0.111451, 0.01, 
567, 0.111099, 0.01, 
568, 0.113829, 0.01, 
569, 0.116335, 0.01, 
570, 0.11506, 0.01, 
571, 0.115307, 0.01, 
572, 0.114812, 0.01, 
573, 0.11465, 0.01, 
574, 0.113556, 0.01, 
575, 0.11227, 0.01, 
576, 0.113379, 0.01, 
577, 0.111849, 0.01, 
578, 0.109886, 0.01, 
579, 0.114263, 0.01, 
580, 0.114921, 0.01, 
581, 0.115066, 0.01, 
582, 0.114328, 0.01, 
583, 0.113498, 0.01, 
584, 0.112578, 0.01, 
585, 0.113435, 0.01, 
586, 0.110887, 0.01, 
587, 0.110767, 0.01, 
588, 0.11305, 0.01, 
589, 0.115801, 0.01, 
590, 0.114159, 0.01, 
591, 0.113395, 0.01, 
592, 0.112019, 0.01, 
593, 0.113512, 0.01, 
594, 0.111633, 0.01, 
595, 0.110087, 0.01, 
596, 0.109028, 0.01, 
597, 0.112021, 0.01, 
598, 0.112528, 0.01, 
599, 0.110997, 0.01, 
600, 0.109173, 0.01, 
601, 0.112082, 0.01, 
602, 0.112798, 0.01, 
603, 0.115194, 0.01, 
604, 0.114673, 0.01, 
605, 0.112711, 0.01, 
606, 0.113689, 0.01, 
607, 0.115685, 0.01, 
608, 0.115174, 0.01, 
609, 0.115922, 0.01, 
610, 0.114384, 0.01, 
611, 0.113995, 0.01, 
612, 0.111945, 0.01, 
613, 0.11369, 0.01, 
614, 0.115159, 0.01, 
615, 0.113821, 0.01, 
616, 0.111934, 0.01, 
617, 0.112452, 0.01, 
618, 0.112659, 0.01, 
619, 0.11558, 0.01, 
620, 0.113873, 0.01, 
621, 0.112996, 0.01, 
622, 0.110141, 0.01, 
623, 0.109178, 0.01, 
624, 0.110305, 0.01, 
625, 0.111945, 0.01, 
626, 0.115283, 0.01, 
627, 0.115691, 0.01, 
628, 0.115182, 0.01, 
629, 0.115928, 0.01, 
630, 0.114514, 0.01, 
631, 0.114438, 0.01, 
632, 0.113187, 0.01, 
633, 0.11094, 0.01, 
634, 0.111383, 0.01, 
635, 0.115228, 0.01, 
636, 0.114575, 0.01, 
637, 0.11455, 0.01, 
638, 0.112929, 0.01, 
639, 0.11267, 0.01, 
640, 0.112403, 0.01, 
641, 0.109609, 0.01, 
642, 0.111764, 0.01, 
643, 0.11569, 0.01, 
644, 0.115709, 0.01, 
645, 0.115078, 0.01, 
646, 0.114187, 0.01, 
647, 0.113452, 0.01, 
648, 0.11257, 0.01, 
649, 0.115443, 0.01, 
650, 0.11355, 0.01, 
651, 0.112184, 0.01, 
652, 0.112162, 0.01, 
653, 0.112511, 0.01, 
654, 0.11351, 0.01, 
655, 0.115317, 0.01, 
656, 0.114739, 0.01, 
657, 0.114918, 0.01, 
658, 0.113905, 0.01, 
659, 0.113297, 0.01, 
660, 0.11071, 0.01, 
661, 0.111678, 0.01, 
662, 0.110988, 0.01, 
663, 0.111073, 0.01, 
664, 0.11138, 0.01, 
665, 0.11241, 0.01, 
666, 0.112076, 0.01, 
667, 0.113045, 0.01, 
668, 0.114629, 0.01, 
669, 0.114697, 0.01, 
670, 0.111824, 0.01, 
671, 0.112506, 0.01, 
672, 0.113924, 0.01, 
673, 0.112758, 0.01, 
674, 0.112412, 0.01, 
675, 0.112622, 0.01, 
676, 0.113389, 0.01, 
677, 0.115278, 0.01, 
678, 0.114405, 0.01, 
679, 0.114093, 0.01, 
680, 0.112549, 0.01, 
681, 0.114981, 0.01, 
682, 0.114208, 0.01, 
683, 0.113418, 0.01, 
684, 0.112131, 0.01, 
685, 0.112128, 0.01, 
686, 0.109467, 0.01, 
687, 0.113478, 0.01, 
688, 0.113409, 0.01, 
689, 0.113473, 0.01, 
690, 0.113913, 0.01, 
691, 0.112732, 0.01, 
692, 0.113867, 0.01, 
693, 0.115734, 0.01, 
694, 0.115735, 0.01, 
695, 0.115182, 0.01, 
696, 0.11448, 0.01, 
697, 0.114247, 0.01, 
698, 0.112158, 0.01, 
699, 0.11459, 0.01, 
700, 0.114433, 0.01, 
701, 0.113885, 0.01, 
702, 0.112187, 0.01, 
703, 0.112726, 0.01, 
704, 0.114056, 0.01, 
705, 0.115463, 0.01, 
706, 0.114924, 0.01, 
707, 0.115219, 0.01, 
708, 0.114474, 0.01, 
709, 0.114657, 0.01, 
710, 0.111633, 0.01, 
711, 0.11261, 0.01, 
712, 0.112275, 0.01, 
713, 0.11325, 0.01, 
714, 0.115451, 0.01, 
715, 0.114614, 0.01, 
716, 0.113148, 0.01, 
717, 0.11241, 0.01, 
718, 0.112896, 0.01, 
719, 0.112882, 0.01, 
720, 0.113055, 0.01, 
721, 0.110908, 0.01, 
722, 0.110472, 0.01, 
723, 0.115139, 0.01, 
724, 0.11478, 0.01, 
725, 0.11323, 0.01, 
726, 0.111372, 0.01, 
727, 0.112041, 0.01, 
728, 0.109947, 0.01, 
729, 0.114766, 0.01, 
730, 0.114789, 0.01, 
731, 0.114788, 0.01, 
732, 0.113528, 0.01, 
733, 0.112612, 0.01, 
734, 0.11349, 0.01, 
735, 0.113216, 0.01, 
736, 0.114837, 0.01, 
737, 0.115096, 0.01, 
738, 0.114273, 0.01, 
739, 0.114211, 0.01, 
740, 0.110619, 0.01, 
741, 0.111026, 0.01, 
742, 0.112241, 0.01, 
743, 0.112802, 0.01, 
744, 0.114199, 0.01, 
745, 0.115607, 0.01, 
746, 0.115123, 0.01, 
747, 0.115471, 0.01, 
748, 0.114906, 0.01, 
749, 0.115556, 0.01, 
750, 0.113815, 0.01, 
751, 0.112897, 0.01, 
752, 0.109464, 0.01, 
753, 0.112935, 0.01, 
754, 0.116131, 0.01, 
755, 0.1157, 0.01, 
756, 0.11527, 0.01, 
757, 0.115669, 0.01, 
758, 0.115151, 0.01, 
759, 0.115896, 0.01, 
760, 0.114431, 0.01, 
761, 0.114304, 0.01, 
762, 0.112777, 0.01, 
763, 0.110703, 0.01, 
764, 0.109226, 0.01, 
765, 0.10888, 0.01, 
766, 0.108762, 0.01, 
767, 0.110654, 0.01, 
768, 0.112085, 0.01, 
769, 0.113668, 0.01, 
770, 0.11341, 0.01, 
771, 0.115518, 0.01, 
772, 0.115139, 0.01, 
773, 0.115275, 0.01, 
774, 0.114975, 0.01, 
775, 0.113593, 0.01, 
776, 0.111563, 0.01, 
777, 0.111822, 0.01, 
778, 0.110907, 0.01, 
779, 0.11063, 0.01, 
780, 0.111937, 0.01, 
781, 0.115751, 0.01, 
782, 0.115431, 0.01, 
783, 0.115705, 0.01, 
784, 0.115715, 0.01, 
785, 0.115137, 0.01, 
786, 0.114483, 0.01, 
787, 0.114474, 0.01, 
788, 0.112931, 0.01, 
789, 0.111235, 0.01, 
790, 0.109116, 0.01, 
791, 0.111922, 0.01, 
792, 0.112848, 0.01, 
793, 0.113282, 0.01, 
794, 0.114255, 0.01, 
795, 0.115652, 0.01, 
796, 0.115196, 0.01, 
797, 0.115568, 0.01, 
798, 0.115007, 0.01, 
799, 0.115705, 0.01, 
800, 0.11415, 0.01, 
801, 0.113657, 0.01, 
802, 0.111189, 0.01, 
803, 0.110235, 0.01, 
804, 0.112454, 0.01, 
805, 0.112288, 0.01, 
806, 0.113505, 0.01, 
807, 0.115304, 0.01, 
808, 0.114464, 0.01, 
809, 0.114198, 0.01, 
810, 0.1124, 0.01, 
811, 0.114724, 0.01, 
812, 0.113559, 0.01, 
813, 0.112203, 0.01, 
814, 0.112224, 0.01, 
815, 0.112118, 0.01, 
816, 0.111441, 0.01, 
817, 0.112356, 0.01, 
818, 0.112381, 0.01, 
819, 0.114895, 0.01, 
820, 0.11504, 0.01, 
821, 0.11524, 0.01, 
822, 0.114597, 0.01, 
823, 0.114022, 0.01, 
824, 0.112623, 0.01, 
825, 0.112214, 0.01, 
826, 0.112067, 0.01, 
827, 0.114192, 0.01, 
828, 0.112196, 0.01, 
829, 0.113215, 0.01, 
830, 0.112393, 0.01, 
831, 0.114134, 0.01, 
832, 0.115345, 0.01, 
833, 0.115582, 0.01, 
834, 0.115522, 0.01, 
835, 0.114735, 0.01, 
836, 0.113438, 0.01, 
837, 0.11228, 0.01, 
838, 0.111823, 0.01, 
839, 0.112758, 0.01, 
840, 0.112467, 0.01, 
841, 0.113577, 0.01, 
842, 0.112145, 0.01, 
843, 0.113911, 0.01, 
844, 0.11229, 0.01, 
845, 0.111794, 0.01, 
846, 0.111298, 0.01, 
847, 0.112281, 0.01, 
848, 0.112715, 0.01, 
849, 0.114277, 0.01, 
850, 0.114829, 0.01, 
851, 0.11494, 0.01, 
852, 0.114064, 0.01, 
853, 0.11287, 0.01, 
854, 0.113764, 0.01, 
855, 0.114874, 0.01, 
856, 0.113719, 0.01, 
857, 0.112532, 0.01, 
858, 0.112955, 0.01, 
859, 0.115883, 0.01, 
860, 0.114456, 0.01, 
861, 0.114331, 0.01, 
862, 0.11289, 0.01, 
863, 0.110349, 0.01, 
864, 0.11178, 0.01, 
865, 0.115175, 0.01, 
866, 0.114377, 0.01, 
867, 0.113888, 0.01, 
868, 0.112074, 0.01, 
869, 0.113243, 0.01, 
870, 0.113364, 0.01, 
871, 0.115241, 0.01, 
872, 0.114623, 0.01, 
873, 0.114117, 0.01, 
874, 0.11246, 0.01, 
875, 0.112451, 0.01, 
876, 0.114055, 0.01, 
877, 0.113447, 0.01, 
878, 0.110893, 0.01, 
879, 0.110629, 0.01, 
880, 0.109964, 0.01, 
881, 0.113936, 0.01, 
882, 0.114996, 0.01, 
883, 0.114929, 0.01, 
884, 0.114037, 0.01, 
885, 0.112412, 0.01, 
886, 0.112846, 0.01, 
887, 0.113067, 0.01, 
888, 0.114717, 0.01, 
889, 0.11519, 0.01, 
890, 0.113022, 0.01, 
891, 0.110928, 0.01, 
892, 0.110522, 0.01, 
893, 0.112623, 0.01, 
894, 0.114074, 0.01, 
895, 0.115593, 0.01, 
896, 0.115119, 0.01, 
897, 0.115469, 0.01, 
898, 0.114882, 0.01, 
899, 0.115499, 0.01, 
900, 0.113734, 0.01, 
901, 0.112653, 0.01, 
902, 0.109446, 0.01, 
903, 0.110791, 0.01, 
904, 0.112982, 0.01, 
905, 0.113998, 0.01, 
906, 0.111946, 0.01, 
907, 0.112811, 0.01, 
908, 0.114247, 0.01, 
909, 0.11406, 0.01, 
910, 0.11129, 0.01, 
911, 0.111561, 0.01, 
912, 0.110919, 0.01, 
913, 0.114584, 0.01, 
914, 0.11608, 0.01, 
915, 0.115645, 0.01, 
916, 0.115189, 0.01, 
917, 0.115563, 0.01, 
918, 0.11501, 0.01, 
919, 0.115641, 0.01, 
920, 0.113885, 0.01, 
921, 0.112922, 0.01, 
922, 0.112272, 0.01, 
923, 0.114185, 0.01, 
924, 0.112563, 0.01, 
925, 0.113101, 0.01, 
926, 0.11297, 0.01, 
927, 0.113408, 0.01, 
928, 0.115138, 0.01, 
929, 0.115837, 0.01, 
930, 0.11421, 0.01, 
931, 0.113569, 0.01, 
932, 0.11184, 0.01, 
933, 0.112377, 0.01, 
934, 0.113491, 0.01, 
935, 0.113576, 0.01, 
936, 0.112088, 0.01, 
937, 0.114059, 0.01, 
938, 0.111898, 0.01, 
939, 0.112971, 0.01, 
940, 0.113155, 0.01, 
941, 0.111706, 0.01, 
942, 0.111096, 0.01, 
943, 0.110615, 0.01, 
944, 0.10993, 0.01, 
945, 0.111894, 0.01, 
946, 0.11189, 0.01, 
947, 0.113532, 0.01, 
948, 0.111467, 0.01, 
949, 0.112334, 0.01, 
950, 0.111818, 0.01, 
951, 0.112748, 0.01, 
952, 0.114067, 0.01, 
953, 0.112801, 0.01, 
954, 0.114229, 0.01, 
955, 0.115564, 0.01, 
956, 0.115071, 0.01, 
957, 0.115412, 0.01, 
958, 0.114796, 0.01, 
959, 0.115331, 0.01, 
960, 0.113288, 0.01, 
961, 0.111597, 0.01, 
962, 0.111945, 0.01, 
963, 0.113069, 0.01, 
964, 0.115097, 0.01, 
965, 0.113665, 0.01, 
966, 0.112089, 0.01, 
967, 0.113508, 0.01, 
968, 0.112529, 0.01, 
969, 0.115373, 0.01, 
970, 0.113351, 0.01, 
971, 0.11186, 0.01, 
972, 0.112163, 0.01, 
973, 0.112878, 0.01, 
974, 0.114545, 0.01, 
975, 0.115488, 0.01, 
976, 0.114996, 0.01, 
977, 0.115251, 0.01, 
978, 0.114368, 0.01, 
979, 0.114057, 0.01, 
980, 0.1124, 0.01, 
981, 0.114758, 0.01, 
982, 0.113808, 0.01, 
983, 0.112491, 0.01, 
984, 0.112815, 0.01, 
985, 0.112582, 0.01, 
986, 0.113892, 0.01, 
987, 0.115735, 0.01, 
988, 0.11527, 0.01, 
989, 0.116044, 0.01, 
990, 0.114597, 0.01, 
991, 0.1144, 0.01, 
992, 0.11273, 0.01, 
993, 0.113659, 0.01, 
994, 0.115539, 0.01, 
995, 0.114833, 0.01, 
996, 0.113736, 0.01, 
997, 0.11254, 0.01, 
998, 0.113631, 0.01, 
999, 0.115586, 0.01, 
1000, 0.113478, 0.01, 
